-1.139493075072967182e-01
-1.544935827471353718e-01
-2.673444079984243701e-02
-2.390185815070342782e-03
-4.110945948576505068e-03
-4.523776386735726962e-03
-2.782165147611760925e-01
-2.396900401696623606e-02
-1.123326569214922188e-01
2.739311876766349629e-02
3.814641742081006232e-02
4.324883336491339852e-03
-1.791645821454812271e-01
1.636681044355521031e-01
-1.883494616163745028e-01
-7.548699518553321497e-02
1.022939468449959866e-01
-6.158671746769923960e-02
-7.897014537351250418e-02
-1.255425692698443063e-01
9.495368919726737689e-02
-4.491425049516990786e-02
1.108803089646694939e-01
-1.395375252836969782e-01
5.706635990752380316e-02
4.105466594028465283e-02
-1.970206479860129589e-01
