3.790320328884746320e-02
-2.295638241823489134e-01
-3.210371262218539475e-03
1.044922518700863723e-01
-1.052978056408726965e-01
9.910169077622017764e-02
6.631254747917857129e-02
-4.411434007930465501e-02
9.784159273962840866e-03
2.538884195674250277e-01
1.156157115752602660e-01
1.242007484824501126e-03
4.221586051967681635e-02
-2.491888710779081584e-01
-1.714723774481559659e-01
2.600416585802726999e-04
2.151740455428803253e-02
3.808020340494858158e-02
4.277926019063179458e-02
-2.236599189232845938e-02
-1.854716467394434132e-01
1.167728416245712442e-01
-3.353420336357375992e-02
-9.941345995534420828e-04
-8.958448117364617436e-02
1.659914126906180676e-01
4.733628584647003867e-02
-8.841488235495477410e-02
1.193843698704457751e-01
1.157849794801906890e-01
-5.953610283301200012e-02
1.803139474907886758e-02
2.051108198232055313e-01
3.928684098940524172e-02
2.789959140418968309e-01
-3.272346166919999633e-02
-1.160267994565535379e-02
1.160780803792137716e-01
1.648083072385247635e-02
1.287351079861573655e-01
-2.663861983260227585e-03
7.217834211157007906e-03
1.153266721255953586e-01
3.260922765188543210e-02
-1.005888119648271628e-01
1.394946659858602445e-01
-2.269504558642705117e-01
-8.146760809746861343e-02
-5.040477712958885137e-02
-2.455584925770569124e-02
7.079013634074722561e-02
1.332705605700876261e-01
-4.662621712335394963e-02
-1.524356406916887174e-01
2.155638746932399610e-02
-1.693754023665325001e-02
-3.014013851203985531e-02
1.098579329009394812e-01
-2.359223070722213933e-01
4.220494782703351072e-02
7.451231155156133601e-02
2.266885463242817866e-01
3.199546754366568158e-02
-1.986204595562925945e-01
-2.893839696795720215e-02
-1.502538451756755267e-01
1.703957176424392844e-02
1.577016187205544651e-01
2.676588349817060879e-03
-1.586447714755684704e-02
1.762702105906838179e-01
-3.641284884448794251e-02
-3.029620065497595771e-02
-1.364110166845297067e-01
-2.787877591088072649e-01
1.581881721542667540e-02
-7.759789713529033350e-02
-1.983783159193144574e-01
-1.482989809678298410e-01
1.003861725558529289e-01
-1.686024310561784756e-01
