-1.842242905250307886e-02
7.708141594707626845e-03
4.409738425616182775e-03
-1.556689580954607847e-02
-2.043019663871288930e-02
-2.577581149361633968e-03
-3.109932500478950639e-04
7.948526805398474504e-03
-1.609102644458924175e-02
3.468867489123842168e-03
3.975413541372537635e-03
6.615540890217123590e-03
1.132844374956081326e-02
2.232064991516165796e-03
-2.817704534606734618e-03
-1.119189403914684112e-02
6.704105683413009477e-03
5.214377634752493046e-04
1.241996493705354969e-02
-2.021299620672593889e-03
4.921321563966827434e-03
-3.924220256262771385e-03
-6.696894350038951060e-03
-4.234798231720433219e-04
9.217241903398743982e-03
-3.967678839190016613e-03
1.369773120117857845e-02
-4.993690024281805364e-04
1.685867930420815314e-02
1.602970294082472352e-02
1.468531709662241301e-02
-1.129126526091818808e-02
4.527915912687580438e-03
1.193392734357125347e-02
1.127213982449560420e-02
-5.849889237741649761e-03
-1.101477981280520914e-02
1.977919699292433886e-02
2.021222179581892014e-02
6.737019304396882173e-03
7.946587122622144825e-03
-8.513579910843036697e-03
-4.024076729495739660e-04
1.340082530101163218e-02
-5.636308961950899608e-03
-3.879041671538357647e-03
-1.015700995223344297e-02
-9.888225472682010339e-03
-8.561792704835050061e-03
-4.454899727716850333e-03
-1.361153138573319155e-02
2.998744589963510745e-02
-8.230493953564768997e-04
-3.707195930523585203e-03
-5.005721923350183074e-03
-1.119902737131829411e-02
-9.194696163326923632e-03
3.390965648148757446e-04
-2.084087975219562749e-03
1.385512911659289581e-02
4.316438540265517786e-03
-3.045913081953560177e-03
-8.350387195039828819e-03
-8.012386366810226972e-04
2.158425223372957991e-03
1.964858283686954019e-03
2.553997749020124261e-03
6.466863678518821636e-03
-7.644964216562260282e-04
-6.938694565369385447e-03
2.483771390065986524e-03
-6.078353161540869104e-03
-1.154785675391005982e-02
-7.684419614523129057e-03
1.412286388063579631e-02
-9.669011407812670711e-03
-9.853561719731189841e-03
-9.231227638651130080e-03
-1.609175958358145244e-03
7.719617941836124514e-03
-1.801276036621453705e-02
6.519918118711360601e-03
-6.760498630521155454e-03
5.358644941191308131e-03
-1.180271680737584239e-03
-9.630370228325501811e-03
-6.108246613407906402e-03
1.976467598944428930e-02
4.010608152278513291e-03
1.845840983409526297e-04
-8.642945384033763959e-03
2.376146694928141928e-03
5.166472439943356129e-03
3.266169175074718368e-03
-1.181264394777552240e-02
2.053520782685569479e-02
-6.893554230797567343e-03
5.465767589363299331e-03
5.327323187594246688e-03
1.040721415344433506e-02
1.311734480785999067e-03
-1.699260164308360674e-02
2.771463864692796583e-03
8.352281767458938008e-03
4.107625338866745593e-03
-8.871097882654452663e-03
-1.013876165456025630e-02
-1.270130120742559224e-02
-9.718447136349500984e-03
1.772328719191877157e-03
4.195038487925407435e-03
8.510676656753408606e-03
-1.341690990719867022e-03
-1.859390198192310915e-03
4.677312495665847218e-03
3.631341764486194137e-03
-4.607816448767319134e-03
-8.854588563917796182e-03
-4.370749872879672242e-04
-1.680660805742998504e-02
-1.182376541306776919e-02
-1.081586784637688162e-02
-1.054670479849314103e-03
-4.062980771667076482e-03
-1.085326698814670018e-02
-7.954539164134227097e-03
1.290681014406176675e-03
2.634965662721879508e-03
-5.855590326971218474e-04
6.676207423799967317e-03
3.145973002665877327e-03
6.128357273689583225e-03
1.022636997525581438e-02
5.317761260711898960e-03
1.158360448130939767e-02
8.391177162820098430e-04
1.136620196110455124e-02
9.581376030799371906e-04
1.293885620009057463e-02
-9.142012949793916834e-03
-3.045624514527814700e-02
3.578947207305794350e-03
2.708918678345807740e-02
-9.929336872347878373e-03
-9.846044230855112780e-03
1.229625943862654169e-02
1.787303109558766034e-02
2.818122085237771430e-03
-1.658145067725439251e-02
6.441874705247234087e-03
-6.790011109114922269e-03
-1.341006300274781918e-02
-1.273058230214448201e-02
1.433665903421431007e-02
2.742380490379277107e-03
1.428187580613842194e-03
1.866168932363525962e-02
4.775612172631061615e-03
-1.085564182177254332e-02
2.135054394708593879e-03
9.195498244744245570e-03
-4.906568026485597610e-03
-4.470085425138643417e-03
-2.120340688518253876e-04
-2.566298668087224708e-03
5.340956065726676708e-03
7.855788751199127909e-03
-3.767770543790485878e-03
1.753161298336680662e-02
2.334194063751606363e-03
1.380209424572482330e-02
1.689484461612674251e-02
-1.540221935538537562e-02
-1.734782160531529727e-02
-5.937744268585913067e-03
1.618526552275080521e-02
4.916324370590339360e-03
-2.444442189484971259e-02
-8.008469547096472990e-03
-2.898198266921239285e-03
-3.929522898128794822e-03
1.385755626371420156e-02
-3.230364972943504300e-03
1.818217916143639867e-02
-9.435347153614234358e-03
-2.931542844790387473e-03
-1.180529476315112132e-02
-8.447031520129604995e-03
-1.482916291689163196e-03
3.216112159244350916e-03
-1.849955665222359426e-04
-6.859741582485629104e-03
1.206831633412867004e-04
7.848688267958503842e-03
1.167967871413746681e-02
-5.684106256207573787e-03
1.368142385515812298e-02
4.581418447758039275e-03
1.188598035934201186e-02
9.134093928012000771e-05
-3.288635034910742955e-03
1.094454019693200282e-02
1.876827557043941972e-03
6.966049021998985298e-04
-8.569779850173927377e-03
1.361784112624442149e-02
-1.014534003201846869e-02
-7.547763794162768401e-03
1.219615294956096071e-03
-7.549224627598418759e-03
-9.749411957217129707e-03
6.994617826249351772e-03
-2.247105982334516357e-03
-2.746297484204178029e-03
-1.119353673419433296e-03
-3.158708663160261169e-03
-4.800146617354277001e-03
2.574600582090508412e-03
-4.153989182899730376e-03
-7.972776867516007809e-03
1.330197419015430402e-03
7.957053027680904779e-05
-3.734356321786529587e-03
8.987513462626739794e-03
-2.987794082785591096e-03
1.372182943509135319e-02
-1.397103677164055271e-02
-4.028938056885413184e-03
5.474758342022322498e-03
-4.104082934841388544e-03
-5.491449253506115215e-03
3.666669468736023958e-03
-7.194969720153771529e-03
-5.345374713805564962e-03
-5.063038546159050017e-03
-1.324235006751683626e-03
8.178212139834942912e-03
2.951235887704340994e-03
3.555551737752489852e-03
1.165255142767086805e-02
-1.538021992594959661e-03
2.527410400711168573e-03
-3.836978782143576037e-03
-1.215296217857047244e-02
5.749342166430105976e-03
1.249934660126602454e-02
-1.471985164373136937e-03
3.100854739932961475e-04
8.512605378476770235e-03
4.550848349307036120e-03
5.924159567917112665e-03
-9.266540705406441786e-03
-1.127599286502955871e-04
-3.375825172923274057e-03
-8.232904906237860018e-03
1.927368701916496114e-03
1.407167739311483180e-02
-1.079378018665375430e-02
5.872093468467161001e-03
5.036537817843269021e-04
9.564501998433628735e-03
-1.198760259858229309e-02
-9.194220022239427441e-04
-1.043207816962857812e-03
6.506232943756841587e-03
1.024107545737088128e-02
-5.783274241449700218e-04
-1.007382602343306118e-03
-1.324104971433017787e-03
-1.012296873322033469e-02
6.275086953280331441e-03
1.751121108391542067e-03
-3.293375993380150135e-03
-8.378744518015179832e-03
-6.852144630315408491e-03
-5.772282086102454267e-03
1.506304214355658720e-02
-1.546901453547778159e-02
5.383628713416917233e-03
6.654676155691072875e-03
9.187516834398414683e-03
-6.820644197850090316e-03
-1.426402392667172961e-02
-7.222702986679534198e-03
2.239981401706729602e-02
2.432241390080008142e-03
-1.651745186719881520e-02
5.340511654831998564e-03
-8.129271653790997448e-03
2.490932583183908672e-03
-2.794581818239039520e-02
-5.980960316251414388e-03
-8.014985288037545716e-03
6.903483285321270922e-04
3.738994217020089983e-04
-5.874981487959409464e-04
-1.361740298443468375e-02
-1.637427143089739169e-03
8.614835523051467964e-03
-2.701973350790885364e-03
-2.894878264762830293e-04
-6.026576603419453795e-03
-6.088744905055243524e-03
-7.281507358142378164e-03
9.009745145182563447e-03
-2.619821760557528023e-03
-2.588434702188127223e-03
2.098832524200252344e-03
1.587604165142003296e-02
1.526005187811446673e-02
1.881394765473459187e-04
-8.290343227252611191e-03
1.015882520533529197e-02
-5.933514602066920600e-03
1.282057099961459584e-02
-6.381790508600865448e-04
-5.736929611296269450e-04
3.260885395467204816e-03
-2.044261919356620688e-02
6.165258933787981684e-03
8.395288184538716655e-03
3.406113650783819304e-03
-1.501087210687448298e-03
-1.180766944961201306e-04
2.531577635342933952e-02
-5.660381008994044144e-03
-1.316078191475451679e-02
8.339757078150345296e-03
-1.906906169822504896e-03
-3.476547369544725086e-03
-2.173839764896705329e-03
-1.669930675129155948e-03
-6.829009554725646094e-03
8.774844272432347908e-03
4.073181078008030961e-03
1.720533142743872496e-04
1.110890826170910124e-03
-1.724094999272563530e-04
1.315655010436439336e-02
8.347103770939088424e-03
-7.353034346492248567e-03
2.027820865897038763e-02
-9.507023084080377939e-03
-7.374591237147645056e-03
-5.006663199933322241e-03
-2.800722445960703542e-03
7.884824297401778898e-03
1.922282608393769548e-02
-6.815682398192559645e-03
3.223490123801795587e-02
-1.236346382101137769e-03
2.315323593716398464e-04
2.286069765478929497e-02
9.303539175332324607e-03
-9.541050969523326777e-03
3.786054157092949611e-04
3.548777645478721934e-04
-1.607437716450696441e-02
7.205155774258909136e-03
2.464596759132963409e-03
-1.823138851176641165e-02
-6.957538768351947261e-03
2.197121139001908304e-03
9.666288329951195149e-03
2.099016782504588893e-03
-8.210387790572206204e-03
5.070152812811130547e-03
3.550284664808754827e-03
2.640578438056727026e-02
1.524289261722406403e-03
6.706415457114619887e-03
1.142661070756600776e-02
7.508265449227447853e-03
-2.707373303551119902e-03
6.043049910456858333e-03
3.841961453682807975e-03
8.860973357969664831e-04
-7.889208657452318266e-03
-2.450450006972580783e-03
-1.267234163506043149e-02
4.715781479403052465e-04
9.446137449586937407e-03
1.154009818091632222e-02
7.476209195947662763e-03
-9.343999366327120082e-03
1.573802847520871856e-03
1.144163142301410016e-02
-1.365946783093937092e-02
3.475408244650626723e-03
2.245479917634636211e-02
-7.427678731499976102e-03
1.586724790934716800e-02
1.071047701475608994e-02
6.249948236580547649e-04
3.903424260705144495e-03
2.571257001471309481e-04
4.133650366980643788e-03
6.999671745208748720e-03
-5.295591895336316905e-03
-1.156997990622343764e-02
2.454726859596865866e-03
-1.715277180490499057e-02
-8.274786762727640715e-03
-1.017571996808109246e-02
-5.309029134528820207e-03
1.179423135669040168e-02
2.199453845767140175e-02
-1.024678752735882700e-02
-1.665469901544661124e-02
1.676397174463186129e-03
2.190118367949895391e-03
-2.913281713998804295e-03
6.431600205804520118e-03
1.577313240977730111e-02
-5.266789300630863105e-03
3.659549114329657075e-04
4.887198436690077044e-03
-1.515018815455381959e-02
-6.289166492327410291e-03
7.019122766024510351e-03
-1.329991344292164208e-02
1.474762854853117408e-02
-1.938237889880868852e-03
-3.666514108026916463e-03
-4.412409090650391656e-03
-7.128120377435061446e-03
-3.406599475676713035e-03
-1.378421239030792889e-02
-2.084852701337062963e-02
-5.934413091123012275e-03
4.088573641297108159e-03
2.607536054657406347e-03
-2.545499393691253321e-03
-1.644193721724176993e-02
7.252633567159994833e-03
1.481233135142087307e-02
-5.382296366550515590e-03
-1.350485620146084365e-02
-1.728266804874200452e-02
1.095267626656250617e-02
-9.537485642322564988e-03
-5.276975770257662929e-03
4.695208874727101710e-03
-1.060340327329683738e-02
1.319254521768207719e-02
-4.409165219434823223e-03
5.712220707329260759e-03
5.716786169697370698e-04
2.047333148156979532e-02
1.516733463380583007e-02
-2.535983915080991524e-02
-1.426175995919357585e-02
-1.292222536335415088e-03
-1.223835494378489736e-02
9.736316079931054898e-05
-4.488707038950168378e-03
-5.380684817561784926e-03
7.576210270943046533e-03
-1.477937208906718487e-02
-9.211813282031989028e-03
-7.390760647129357170e-04
7.654560939518915280e-03
-4.144706180318083119e-03
-6.213279273197125883e-03
5.518355339526648294e-04
1.318639092521184429e-03
1.046737347174643909e-02
5.208470469188451746e-03
-4.184397893460548891e-03
1.456969261068046320e-02
-1.513275596706382779e-02
-8.398935230355010625e-04
-1.064555030608850365e-02
6.139361761678682229e-03
1.373643597356868570e-02
3.765322655712925130e-03
5.657797486722249310e-03
-7.252517830818996925e-03
9.904978419376299359e-03
-1.902135553337020585e-02
-3.355788887115195279e-03
4.667880483675892860e-03
7.948379456577045477e-03
7.501462114876003215e-03
-1.985734395341652494e-03
-1.776793175554356938e-02
-1.391271687483487153e-02
1.262675530444560927e-02
1.717677794339028338e-04
-1.128514446040012296e-02
4.846376680091768821e-03
-1.222627526434450461e-02
1.216873599142757542e-02
1.561524502319109296e-02
1.976624443659192893e-03
1.514888356244557983e-02
3.650618747399875366e-05
3.006406660675736003e-03
-7.804485967180859601e-03
1.653103899912182137e-02
6.896564016976244188e-03
-4.394373452493336232e-03
4.062121641012898278e-03
1.452610763901216254e-02
4.266885218795779013e-03
8.913102712231871574e-03
-2.067418307976148090e-02
-2.969664753392949053e-03
9.219395952788570284e-03
4.121833001672691593e-03
2.774115467982007054e-03
-3.201893946198428563e-03
3.625931371465779349e-03
2.813777198015214847e-03
1.060446358151957875e-02
-2.721184392490945316e-03
-7.117235583362718776e-03
7.150103150669729832e-03
6.749077027903972563e-03
1.950316379758723975e-02
-7.839574876323692626e-03
-8.730682086797805514e-04
-2.015377701889656606e-02
-1.677288305724693521e-02
-8.596660363611485431e-03
7.587379802083032802e-03
9.002122920391677358e-03
-2.934930431304761961e-03
-1.880513486975584746e-03
-1.136164706423755701e-03
-1.368232563648776393e-02
1.195158253182620166e-02
-2.841404388965479682e-03
-1.531527101958281289e-02
8.752863835202009599e-03
1.204758431320923640e-02
-1.167026110358199619e-03
-2.378267334985763402e-03
-1.854666347664322285e-02
-3.664660169800437305e-03
-2.186178289309816114e-03
7.193962664442036907e-04
-4.338098133465115996e-03
-2.108918189221735059e-03
-6.575746433612791875e-03
-1.130524855613903668e-03
7.910829802745787676e-03
-1.076573729254099972e-03
9.236768133559464938e-03
-2.947851547965560978e-03
1.295276957758570088e-02
1.174759020253650019e-02
1.137726818331552189e-02
6.139574914625584544e-03
3.141804287334753424e-03
1.526608761389675918e-02
6.473367980599221451e-03
-1.973625531876507452e-02
8.817103928093400272e-04
4.179262986842915972e-03
-1.753262839816416936e-03
7.311036699237326818e-03
-4.808758730834243600e-03
4.703750730577485259e-04
-2.142047211671216020e-02
-2.346965926792733605e-03
5.481042407345310466e-03
-1.999299122218026886e-03
-5.847238104720172899e-03
-1.594408617304158421e-02
6.621421642763727282e-05
-1.499836522671602014e-03
2.200481897275585394e-02
3.392734757389638534e-03
-2.595769497618303275e-03
1.266430772377592469e-03
2.840053027012583511e-03
7.501806710914334098e-03
2.019978959378099237e-02
4.197282964219853363e-04
-7.668392025982960145e-03
1.521378520847179285e-03
4.026985872330404378e-03
7.814154589225462064e-03
-7.124718587914032931e-03
3.106638348036773814e-02
-7.115259846197621169e-03
1.708027921502129620e-02
-1.613774579965584349e-02
3.501528656112141025e-03
8.163316615588231753e-03
-1.349176272000990329e-02
-4.527096553736231765e-03
-5.085510076812086756e-03
1.732353921289467302e-02
-2.187407590030145826e-04
8.533652786404532717e-03
6.999220592084435741e-03
1.015004514030845746e-02
-5.530290912403135022e-03
1.444088135197494748e-03
-1.761060965635565325e-04
-1.461760563499567289e-02
4.253475244376035518e-03
1.123252279401624164e-02
-4.543523482152147359e-04
8.194142360695402111e-03
-1.283373263765568827e-03
7.300250868794539393e-05
1.209792756994839714e-02
1.180402025819532593e-03
1.498036836732067993e-02
-5.700573113956490523e-03
-4.404236532847996370e-03
2.280052576170821851e-03
-3.194600604263579842e-03
3.717533489280535220e-03
5.872502336814536261e-03
6.407979126089979882e-03
-6.319809384364501181e-03
4.487565778933149535e-03
-1.481053031813201089e-02
3.685607256798013008e-03
2.765396609935177278e-03
5.178491856031286998e-03
-2.833681439439906125e-03
-1.708090351165972992e-02
-5.907195013467627688e-03
-1.277272525471152310e-02
-1.032202257607699181e-02
1.793453226047370813e-02
3.323956463732001456e-03
-1.674082326068181137e-02
-2.065672599521331618e-03
1.738807391615309478e-02
2.167014275498611430e-03
-4.111381759401974353e-03
1.590889788554628384e-02
8.437101936914251712e-03
-6.065241129487314829e-03
