-1.377261090458743731e-01
-1.783859155824412401e-01
-5.087972595886466887e-02
-2.625226288604487479e-02
-2.799654253247880684e-02
-2.844063350643816906e-02
-3.020998912132513148e-01
-4.785597834811494700e-02
-1.363714139137638115e-01
2.234372528671518116e-03
1.618881150891778031e-02
-2.316003021483440533e-02
-2.126713595072761975e-01
1.310991579261541473e-01
-2.217080508103081715e-01
-1.089834228669180477e-01
6.949735442959768805e-02
-9.490393623834618431e-02
-5.741018563572181099e-02
-1.036319854911419563e-01
1.172739206853484206e-01
-2.268928651856814624e-02
1.348492430936339970e-01
-1.088155506014310964e-01
7.960176434652101174e-02
7.231918468969641967e-02
-1.669747053870276887e-01
