1.483672475184689143e-01
1.483672475184689143e-01
1.483672475184689143e-01
1.483672475184689143e-01
1.483672475184689143e-01
1.483672475184689143e-01
1.483672475184689143e-01
1.483672475184689143e-01
1.483672475184689143e-01
1.483672475184689143e-01
1.483672475184689143e-01
1.483672475184689143e-01
1.483672475184689143e-01
1.483672475184689143e-01
1.483672475184689143e-01
1.483672475184689143e-01
1.483672475184689143e-01
1.483672475184689143e-01
1.483672475184689143e-01
1.483672475184689143e-01
1.483672475184689143e-01
1.483672475184689143e-01
1.483672475184689143e-01
1.483672475184689143e-01
1.483672475184689143e-01
1.483672475184689143e-01
1.483672475184689143e-01
1.483672475184689143e-01
1.483672475184689143e-01
1.483672475184689143e-01
1.483672475184689143e-01
1.483672475184689143e-01
1.483672475184689143e-01
1.483672475184689143e-01
1.483672475184689143e-01
1.483672475184689143e-01
1.483672475184689143e-01
1.483672475184689143e-01
1.483672475184689143e-01
1.483672475184689143e-01
1.483672475184689143e-01
1.483672475184689143e-01
1.483672475184689143e-01
1.483672475184689143e-01
1.483672475184689143e-01
1.483672475184689143e-01
1.483672475184689143e-01
1.483672475184689143e-01
1.483672475184689143e-01
1.483672475184689143e-01
1.483672475184689143e-01
1.483672475184689143e-01
1.483672475184689143e-01
1.483672475184689143e-01
1.483672475184689143e-01
1.483672475184689143e-01
1.483672475184689143e-01
1.483672475184689143e-01
1.483672475184689143e-01
1.483672475184689143e-01
1.483672475184689143e-01
1.483672475184689143e-01
1.483672475184689143e-01
1.483672475184689143e-01
1.483672475184689143e-01
1.483672475184689143e-01
1.483672475184689143e-01
1.483672475184689143e-01
1.483672475184689143e-01
1.483672475184689143e-01
1.483672475184689143e-01
1.483672475184689143e-01
1.483672475184689143e-01
1.483672475184689143e-01
1.483672475184689143e-01
1.483672475184689143e-01
1.483672475184689143e-01
1.483672475184689143e-01
1.483672475184689143e-01
1.483672475184689143e-01
1.392028685278808298e-01
1.248096381591955878e-01
1.087846122534272264e-01
8.665463277287224764e-02
7.850078074593636046e-02
9.809312126271928223e-02
1.404066173617431745e-01
9.541285303922680816e-02
8.265482830243092716e-02
1.219618200553997944e-01
1.348327429028365332e-01
1.035788551230379523e-01
1.214856622837307970e-01
1.483672475184689143e-01
1.483672475184689143e-01
1.483672475184689143e-01
1.483672475184689143e-01
1.483672475184689143e-01
1.483672475184689143e-01
1.483672475184689143e-01
1.483672475184689143e-01
1.483672475184689143e-01
1.483672475184689143e-01
1.338708662060841270e-01
1.137691602981541900e-01
1.012751932551926165e-01
8.766251437502829702e-02
7.524785270348556543e-02
6.860391508933075255e-02
6.575149674079663886e-02
6.844938545302081678e-02
8.740252022977369750e-02
9.020991682715454041e-02
1.255448905610809796e-01
1.774304669032243376e-01
1.074934087712456077e-01
6.708766432057294837e-02
1.483672475184689143e-01
1.483672475184689143e-01
1.483672475184689143e-01
1.483672475184689143e-01
1.483672475184689143e-01
1.483672475184689143e-01
1.483672475184689143e-01
1.483672475184689143e-01
1.477007472282443334e-01
1.389498293921530014e-01
1.114946356681127820e-01
1.127823129885646009e-01
1.116726299329536681e-01
1.481746193206952278e-01
1.466213142240401779e-01
7.699803049427812740e-02
0.000000000000000000e+00
1.074959709049159995e-03
5.416312887565072343e-02
5.538752136903583173e-02
1.046614033716023601e-01
1.908645689789897903e-01
1.440805564316716691e-01
3.091687837825250751e-02
1.483672475184689143e-01
1.483672475184689143e-01
1.483672475184689143e-01
1.483672475184689143e-01
1.483672475184689143e-01
1.483672475184689143e-01
1.483672475184689143e-01
1.483672475184689143e-01
1.311593680883716417e-01
1.136214933666033072e-01
8.548897073670976010e-02
1.367114317570574666e-01
1.860394051314973596e-01
1.446091269962138104e-01
7.971342161640215807e-02
6.268162159940376954e-02
8.250833086219247492e-02
3.077632581551014226e-02
3.382619149562603178e-02
2.229467212807394877e-02
4.153632956516213615e-02
2.634383151550901553e-02
2.015451763689183884e-01
0.000000000000000000e+00
1.483672475184689143e-01
1.483672475184689143e-01
1.483672475184689143e-01
1.483672475184689143e-01
1.483672475184689143e-01
1.483672475184689143e-01
1.483672475184689143e-01
1.263727379410575224e-01
1.106433941986179892e-01
1.046612975143490221e-01
1.266934538594834958e-01
2.314188006749277049e-01
8.461655047354063597e-02
1.770117575019484329e-02
5.390857162835482885e-02
1.146973749114572894e-01
6.352348243373243109e-02
3.726636692382900851e-02
7.442152451354441811e-02
8.858334753291877139e-02
0.000000000000000000e+00
9.033359188619505264e-02
1.452221001216998930e-01
0.000000000000000000e+00
1.483672475184689143e-01
1.483672475184689143e-01
1.483672475184689143e-01
1.483672475184689143e-01
1.483672475184689143e-01
1.483672475184689143e-01
1.273724883763944216e-01
1.069934370969424092e-01
1.141097227112948254e-01
1.149208214645289355e-01
1.937322316325597593e-01
7.249121734692950958e-02
2.781715444302168549e-04
7.799620908032570132e-02
9.763786649020519959e-02
1.138673095513956235e-02
6.718230739595761059e-02
5.140631401443078452e-02
1.261819522763184542e-01
6.064421268132509646e-02
2.880012142060613123e-02
1.412482930736125297e-01
6.232392854758122408e-02
4.068556416448143587e-02
1.483672475184689143e-01
1.483672475184689143e-01
1.483672475184689143e-01
1.483672475184689143e-01
1.483672475184689143e-01
1.457012463575705630e-01
1.100717782259394567e-01
1.318317407456254253e-01
1.221150907228984728e-01
1.631070243665909691e-01
4.415589161438109034e-02
0.000000000000000000e+00
1.076648475406484090e-01
7.554310243530064362e-02
3.534929684170426412e-02
3.302584483456953712e-02
1.420554303053946643e-01
1.183759686323274246e-01
6.783680557386623233e-02
0.000000000000000000e+00
1.519259123923990540e-01
1.172679440431532577e-01
4.672708878959748457e-02
1.208419840554607882e-01
1.483672475184689143e-01
1.483672475184689143e-01
1.483672475184689143e-01
1.483672475184689143e-01
1.483672475184689143e-01
1.398540060634049231e-01
8.367429904293632870e-02
1.638882312291699561e-01
9.537337069728515915e-02
1.004365314730474718e-01
0.000000000000000000e+00
8.711144700362868920e-02
8.041942611962270282e-02
1.686021562183105671e-02
7.521347642032938374e-02
6.382804406716663381e-02
1.586330220810291403e-01
1.022501290076843899e-01
0.000000000000000000e+00
1.208679950101965023e-01
1.070800267181790388e-01
5.876426666397176202e-02
6.991505611974946355e-02
1.473690420791812228e-01
1.483672475184689143e-01
1.483672475184689143e-01
1.483672475184689143e-01
1.483672475184689143e-01
1.483672475184689143e-01
1.424767458903822281e-01
9.597218227967328763e-02
1.807771248477585968e-01
0.000000000000000000e+00
0.000000000000000000e+00
9.732617997731085602e-02
1.011648728042991024e-01
3.345245860737578597e-02
7.489338693189173668e-02
1.162671634402670379e-01
1.927474865135198404e-02
3.523382752049676603e-02
7.949135685360453341e-02
7.747372446376768473e-02
1.311048210050927976e-01
5.169773913503394186e-02
7.712700429105091848e-02
1.446120937230532533e-01
1.483672475184689143e-01
1.483672475184689143e-01
1.483672475184689143e-01
1.483672475184689143e-01
1.483672475184689143e-01
1.483672475184689143e-01
1.456206431800199930e-01
9.726093875418101442e-02
1.664913873643933395e-01
0.000000000000000000e+00
0.000000000000000000e+00
9.975067595347082705e-02
1.505577379457895826e-01
1.200734333690281902e-01
6.836855561555346683e-02
1.141660153449266038e-02
3.080183199135286959e-02
4.713770261559946384e-03
6.346067909318313383e-02
1.394191659358854363e-01
1.163962130445759940e-01
5.694275350577418515e-02
1.307056505695932680e-01
1.483672475184689143e-01
1.483672475184689143e-01
1.483672475184689143e-01
1.483672475184689143e-01
1.483672475184689143e-01
1.483672475184689143e-01
1.483672475184689143e-01
1.488680044738701080e-01
1.160335029221031683e-01
2.127522609916903673e-01
2.068405506133505142e-02
3.024543188151545409e-02
4.171162051527775583e-02
4.109788111149627332e-02
7.672739712147372271e-02
4.800903287324767565e-02
6.428885190714463127e-02
7.509666452145205562e-02
2.406310388005981904e-02
3.332849748356819103e-02
1.514305253980376686e-01
3.507485844473440251e-02
6.461398044167472599e-02
1.478443780026515442e-01
1.483672475184689143e-01
1.483672475184689143e-01
1.483672475184689143e-01
1.483672475184689143e-01
1.483672475184689143e-01
1.483672475184689143e-01
1.483672475184689143e-01
1.453133597005230038e-01
1.321112931604291885e-01
2.230064403433121845e-01
1.912405841825471908e-01
5.655095546637239901e-02
1.207860302488254420e-02
0.000000000000000000e+00
3.687175017271727279e-02
7.111308376425631850e-02
4.629942301635329993e-02
6.419509400822014100e-02
6.068308528252581990e-02
6.571976184925486242e-02
1.389091685274237431e-01
5.146101673221187278e-03
1.447071609077473231e-01
1.483672475184689143e-01
1.483672475184689143e-01
1.483672475184689143e-01
1.483672475184689143e-01
1.483672475184689143e-01
1.483672475184689143e-01
1.483672475184689143e-01
1.483672475184689143e-01
1.454416348851967355e-01
9.710993345845020386e-02
1.339518140478165309e-01
1.297381460034107148e-01
8.207447234353060228e-02
2.119564346358369239e-02
1.755138621522161352e-02
4.735645416263438434e-02
8.530903372979782573e-02
5.917558035331911548e-02
2.381976291651741184e-02
1.039977779247085871e-01
9.506398705697502449e-02
1.291794754852543803e-01
0.000000000000000000e+00
1.483672475184689143e-01
1.483672475184689143e-01
1.483672475184689143e-01
1.483672475184689143e-01
1.483672475184689143e-01
1.483672475184689143e-01
1.483672475184689143e-01
1.483672475184689143e-01
1.483672475184689143e-01
1.483672475184689143e-01
1.345308404105722277e-01
9.880623735122977258e-02
1.880627156217826168e-01
2.120913414212370895e-01
2.179463443940889422e-01
2.349041681464187348e-01
2.284216200817737463e-01
1.789782560049735793e-01
9.264494081622157151e-02
0.000000000000000000e+00
8.844319557413993227e-02
1.387921190840235575e-01
7.008957310371279059e-02
1.748963393116533677e-02
1.483672475184689143e-01
1.483672475184689143e-01
1.483672475184689143e-01
1.483672475184689143e-01
1.483672475184689143e-01
1.483672475184689143e-01
1.483672475184689143e-01
1.483672475184689143e-01
1.483672475184689143e-01
1.483672475184689143e-01
1.483672475184689143e-01
1.483672475184689143e-01
1.483672475184689143e-01
1.483672475184689143e-01
1.483672475184689143e-01
1.483672475184689143e-01
1.096010024074197120e-01
1.043928379623738217e-01
9.636670997827587182e-02
0.000000000000000000e+00
1.071734481534305505e-01
1.531861504954127873e-01
6.213861278135647537e-02
7.370843233591956034e-02
1.483672475184689143e-01
1.483672475184689143e-01
1.483672475184689143e-01
1.483672475184689143e-01
1.483672475184689143e-01
1.483672475184689143e-01
1.483672475184689143e-01
1.483672475184689143e-01
1.483672475184689143e-01
1.483672475184689143e-01
1.483672475184689143e-01
1.483672475184689143e-01
1.483672475184689143e-01
1.483672475184689143e-01
1.483672475184689143e-01
1.483672475184689143e-01
1.127398208986173794e-01
1.530938342132818208e-01
1.003264635421626527e-01
5.762226845083123772e-03
9.366454129950346763e-02
1.484713865575242320e-01
2.858395773127811110e-02
7.789138846245852177e-02
1.483672475184689143e-01
1.483672475184689143e-01
1.483672475184689143e-01
1.483672475184689143e-01
1.483672475184689143e-01
1.483672475184689143e-01
1.483672475184689143e-01
1.483672475184689143e-01
1.483672475184689143e-01
1.483672475184689143e-01
1.483672475184689143e-01
1.483672475184689143e-01
1.483672475184689143e-01
1.483672475184689143e-01
1.483672475184689143e-01
1.483672475184689143e-01
1.267151827033698996e-01
1.654526827185400228e-01
8.877704976765429801e-02
0.000000000000000000e+00
7.206134691430080008e-02
1.571346827854390726e-01
3.403225175765330068e-02
6.064159959268761169e-02
1.483672475184689143e-01
1.483672475184689143e-01
1.483672475184689143e-01
1.483672475184689143e-01
1.483672475184689143e-01
1.483672475184689143e-01
1.483672475184689143e-01
1.483672475184689143e-01
1.483672475184689143e-01
1.483672475184689143e-01
1.483672475184689143e-01
1.483672475184689143e-01
1.483672475184689143e-01
1.483672475184689143e-01
1.483672475184689143e-01
1.483672475184689143e-01
1.519630368408919630e-01
1.464519366574112136e-01
1.284423360503576528e-01
0.000000000000000000e+00
3.081477574448709955e-02
1.707912535592229220e-01
8.353234128636755074e-02
2.643608348566018826e-02
1.279983718539524362e-01
1.483672475184689143e-01
1.483672475184689143e-01
1.483672475184689143e-01
1.483672475184689143e-01
1.483672475184689143e-01
1.483672475184689143e-01
1.483672475184689143e-01
1.483672475184689143e-01
1.483672475184689143e-01
1.483672475184689143e-01
1.483672475184689143e-01
1.483672475184689143e-01
1.483672475184689143e-01
1.483672475184689143e-01
1.483672475184689143e-01
1.249727098379570106e-01
9.578240585974923116e-02
1.893848236402577156e-01
0.000000000000000000e+00
1.671629927411762834e-02
8.522258886728896476e-02
1.683097007646434662e-01
5.342065210295972311e-02
7.301134853783988743e-02
1.435286792906347864e-01
1.483672475184689143e-01
1.483672475184689143e-01
1.483672475184689143e-01
1.483672475184689143e-01
1.483672475184689143e-01
1.483672475184689143e-01
1.483672475184689143e-01
1.483672475184689143e-01
1.483672475184689143e-01
1.483672475184689143e-01
1.483672475184689143e-01
1.483672475184689143e-01
1.483672475184689143e-01
1.483672475184689143e-01
1.373284800194503052e-01
1.345143788048325795e-01
2.103851882093149550e-01
9.694801965654641085e-02
0.000000000000000000e+00
3.032685556392479206e-02
1.399391866241187221e-01
1.550066234734726045e-01
3.827893150400890621e-02
1.202303946115568789e-01
1.483672475184689143e-01
1.483672475184689143e-01
1.483672475184689143e-01
1.483672475184689143e-01
1.483672475184689143e-01
1.483672475184689143e-01
1.483672475184689143e-01
1.483672475184689143e-01
1.483672475184689143e-01
1.483672475184689143e-01
1.483672475184689143e-01
1.483672475184689143e-01
1.483672475184689143e-01
1.483672475184689143e-01
1.483672475184689143e-01
1.145041811118334002e-01
1.555468871267311481e-01
1.994098716830125517e-01
3.232560086089104889e-02
0.000000000000000000e+00
1.307530409128754290e-02
1.634935722209135966e-01
5.975085640796429926e-02
1.098635527860290367e-01
1.483672475184689143e-01
1.483672475184689143e-01
1.483672475184689143e-01
1.483672475184689143e-01
1.483672475184689143e-01
4.396695858239771937e-01
4.396695858239771937e-01
4.396695858239771937e-01
4.396695858239771937e-01
4.396695858239771937e-01
4.396695858239771937e-01
4.396695858239771937e-01
4.396695858239771937e-01
4.396695858239771937e-01
4.396695858239771937e-01
4.396695858239771937e-01
4.396695858239771937e-01
4.396695858239771937e-01
4.396695858239771937e-01
4.396695858239771937e-01
4.396695858239771937e-01
4.396695858239771937e-01
4.396695858239771937e-01
4.396695858239771937e-01
4.396695858239771937e-01
4.396695858239771937e-01
4.396695858239771937e-01
4.396695858239771937e-01
4.396695858239771937e-01
4.396695858239771937e-01
4.396695858239771937e-01
4.396695858239771937e-01
4.396695858239771937e-01
4.396695858239771937e-01
4.396695858239771937e-01
4.396695858239771937e-01
4.396695858239771937e-01
4.396695858239771937e-01
4.396695858239771937e-01
4.396695858239771937e-01
4.396695858239771937e-01
4.396695858239771937e-01
4.396695858239771937e-01
4.396695858239771937e-01
4.396695858239771937e-01
4.396695858239771937e-01
4.396695858239771937e-01
4.396695858239771937e-01
4.396695858239771937e-01
4.396695858239771937e-01
4.396695858239771937e-01
4.396695858239771937e-01
4.396695858239771937e-01
4.396695858239771937e-01
4.396695858239771937e-01
4.396695858239771937e-01
4.396695858239771937e-01
4.396695858239771937e-01
4.396695858239771937e-01
4.396695858239771937e-01
4.396695858239771937e-01
4.396695858239771937e-01
4.396695858239771937e-01
4.396695858239771937e-01
4.396695858239771937e-01
4.396695858239771937e-01
4.396695858239771937e-01
4.396695858239771937e-01
4.396695858239771937e-01
4.396695858239771937e-01
4.396695858239771937e-01
4.396695858239771937e-01
4.396695858239771937e-01
4.396695858239771937e-01
4.396695858239771937e-01
4.396695858239771937e-01
4.396695858239771937e-01
4.396695858239771937e-01
4.396695858239771937e-01
4.396695858239771937e-01
4.396695858239771937e-01
4.396695858239771937e-01
4.396695858239771937e-01
4.396695858239771937e-01
4.396695858239771937e-01
4.456996310018163099e-01
4.153180117846629882e-01
3.299287884850848340e-01
2.799672274206043698e-01
2.683453302645819050e-01
2.337647360796662743e-01
2.361461065771958689e-01
3.020004835166950619e-01
2.734594273500918216e-01
2.423009700188871185e-01
2.819432790571187453e-01
3.443004808788663329e-01
4.202934090231653097e-01
4.396695858239771937e-01
4.396695858239771937e-01
4.396695858239771937e-01
4.396695858239771937e-01
4.396695858239771937e-01
4.396695858239771937e-01
4.396695858239771937e-01
4.396695858239771937e-01
4.396695858239771937e-01
4.396695858239771937e-01
4.492080209234682320e-01
3.713028760299686981e-01
2.093836482494090545e-01
1.482054978245798404e-01
1.364751881763398011e-01
1.368577318584531521e-01
1.622698942873874450e-01
1.539956317088606308e-01
1.405054190693257321e-01
1.072458575299695405e-01
8.197563412905779778e-02
2.113641918829203548e-01
3.004858872914550894e-01
4.081017427809591758e-01
4.396695858239771937e-01
4.396695858239771937e-01
4.396695858239771937e-01
4.396695858239771937e-01
4.396695858239771937e-01
4.396695858239771937e-01
4.396695858239771937e-01
4.396695858239771937e-01
4.401081345641836839e-01
4.429677870135956264e-01
3.740666834796593232e-01
1.800144745588650730e-01
3.130944172294262973e-02
0.000000000000000000e+00
0.000000000000000000e+00
7.749236732825139085e-02
7.156100236505144596e-02
0.000000000000000000e+00
2.058797448627334645e-02
4.168899889252046520e-02
0.000000000000000000e+00
4.079123208777768461e-02
2.834020880733051362e-01
4.012454444414915722e-01
4.396695858239771937e-01
4.396695858239771937e-01
4.396695858239771937e-01
4.396695858239771937e-01
4.396695858239771937e-01
4.396695858239771937e-01
4.396695858239771937e-01
4.396695858239771937e-01
4.491408249167768152e-01
3.621080532767433358e-01
1.576902918297769240e-01
0.000000000000000000e+00
0.000000000000000000e+00
5.797074510838222394e-02
1.266576889379287807e-01
4.573250594508633526e-02
1.326020760625363712e-02
1.018667127706730270e-02
2.918149303891216101e-02
0.000000000000000000e+00
0.000000000000000000e+00
1.009882822539837251e-02
2.036336835541573409e-01
4.255312855266709660e-01
4.396695858239771937e-01
4.396695858239771937e-01
4.396695858239771937e-01
4.396695858239771937e-01
4.396695858239771937e-01
4.396695858239771937e-01
4.396695858239771937e-01
4.541416942507910948e-01
3.194025848298928660e-01
1.517106941980898294e-01
0.000000000000000000e+00
0.000000000000000000e+00
8.948699212853246376e-02
3.530326184184167521e-02
0.000000000000000000e+00
6.356783394719041705e-03
1.158325608773079635e-01
8.144602421173156165e-03
0.000000000000000000e+00
0.000000000000000000e+00
0.000000000000000000e+00
0.000000000000000000e+00
2.894456785958104961e-01
4.395183771408871509e-01
4.396695858239771937e-01
4.396695858239771937e-01
4.396695858239771937e-01
4.396695858239771937e-01
4.396695858239771937e-01
4.396695858239771937e-01
4.534838711404813871e-01
3.081738549692474294e-01
1.392163966377213402e-01
0.000000000000000000e+00
0.000000000000000000e+00
6.615928522683554858e-02
0.000000000000000000e+00
0.000000000000000000e+00
4.619871492062172652e-02
1.740997706913601506e-01
8.004053521014090067e-02
0.000000000000000000e+00
0.000000000000000000e+00
4.324790265024280878e-02
0.000000000000000000e+00
1.014260947758904852e-01
3.034727291231889557e-01
4.659561674588404978e-01
4.396695858239771937e-01
4.396695858239771937e-01
4.396695858239771937e-01
4.396695858239771937e-01
4.396695858239771937e-01
4.414237807848031547e-01
3.847542798856307122e-01
1.643487678762391990e-01
0.000000000000000000e+00
0.000000000000000000e+00
5.452657167400588867e-02
0.000000000000000000e+00
0.000000000000000000e+00
7.123780020999213869e-02
1.440717998924172516e-01
8.621741181325456860e-02
0.000000000000000000e+00
0.000000000000000000e+00
5.479913780046662131e-02
1.279038303352721812e-02
0.000000000000000000e+00
2.683120144217912006e-01
4.067029345761085102e-01
4.574533828294005122e-01
4.396695858239771937e-01
4.396695858239771937e-01
4.396695858239771937e-01
4.396695858239771937e-01
4.396695858239771937e-01
4.378658812064890049e-01
2.975014966845518360e-01
6.897078595326598671e-02
0.000000000000000000e+00
0.000000000000000000e+00
0.000000000000000000e+00
0.000000000000000000e+00
8.569603161907959898e-02
6.913489042552789510e-02
9.955153100142538625e-02
3.318971443152507472e-02
0.000000000000000000e+00
3.411012122569627436e-02
0.000000000000000000e+00
0.000000000000000000e+00
2.106837565292788705e-01
3.433897698433259760e-01
4.681799919845979208e-01
4.425649292618968333e-01
4.396695858239771937e-01
4.396695858239771937e-01
4.396695858239771937e-01
4.396695858239771937e-01
4.396695858239771937e-01
4.278749051211472865e-01
2.642547566451348695e-01
3.589268762677175206e-02
4.208321235908694252e-02
0.000000000000000000e+00
0.000000000000000000e+00
6.624165758812443350e-02
5.550161886528219568e-02
1.785865090472101013e-02
1.739384640186137504e-02
7.987743974610388153e-02
0.000000000000000000e+00
0.000000000000000000e+00
1.880418231979761809e-02
1.301885300600484630e-01
2.825508909884202335e-01
4.538136788332876592e-01
4.505615920904367799e-01
4.396695858239771937e-01
4.396695858239771937e-01
4.396695858239771937e-01
4.396695858239771937e-01
4.396695858239771937e-01
4.396695858239771937e-01
4.190386048265267727e-01
2.645575562204481312e-01
4.130882788956676682e-02
0.000000000000000000e+00
0.000000000000000000e+00
0.000000000000000000e+00
2.079164808795153779e-03
3.589368763918200644e-02
1.056297094710794138e-01
5.669849371144715378e-02
0.000000000000000000e+00
0.000000000000000000e+00
0.000000000000000000e+00
7.778363832774487507e-02
2.616645157330677596e-01
4.067515885062999437e-01
4.583931328869967903e-01
4.396695858239771937e-01
4.396695858239771937e-01
4.396695858239771937e-01
4.396695858239771937e-01
4.396695858239771937e-01
4.396695858239771937e-01
4.396695858239771937e-01
4.202045180832187365e-01
2.347483669822263141e-01
1.012240655967379527e-01
6.676457823841824846e-02
1.063690691149145676e-02
5.492029676790213810e-02
5.442562073867467098e-02
3.336068880901409128e-02
0.000000000000000000e+00
0.000000000000000000e+00
1.605264300365790917e-02
0.000000000000000000e+00
0.000000000000000000e+00
1.699362286595801075e-01
3.121167553448064291e-01
4.688674476348708708e-01
4.411861942914588886e-01
4.396695858239771937e-01
4.396695858239771937e-01
4.396695858239771937e-01
4.396695858239771937e-01
4.396695858239771937e-01
4.396695858239771937e-01
4.396695858239771937e-01
4.328310784075568574e-01
3.199540791310499510e-01
1.371745334513866932e-01
7.699206803369491869e-02
7.971764323874126756e-02
2.872571104053535732e-02
0.000000000000000000e+00
1.499893231949527353e-02
7.686853327478583575e-02
5.983222976174502883e-02
0.000000000000000000e+00
0.000000000000000000e+00
5.826117415232871105e-03
2.219640408824902489e-01
3.802232110343949922e-01
4.502858450963492243e-01
4.396695858239771937e-01
4.396695858239771937e-01
4.396695858239771937e-01
4.396695858239771937e-01
4.396695858239771937e-01
4.396695858239771937e-01
4.396695858239771937e-01
4.396695858239771937e-01
4.368908591206593917e-01
3.763306854551295988e-01
2.216831796341343364e-01
2.415631605042865837e-01
2.115958295392044997e-01
2.322039251489958211e-01
2.380681372798359174e-01
2.502115254843516601e-01
2.198437508678383889e-01
4.303422748077695426e-02
0.000000000000000000e+00
0.000000000000000000e+00
1.094414682246590276e-01
2.172340448007709368e-01
4.213540653373637479e-01
4.396695858239771937e-01
4.396695858239771937e-01
4.396695858239771937e-01
4.396695858239771937e-01
4.396695858239771937e-01
4.396695858239771937e-01
4.396695858239771937e-01
4.396695858239771937e-01
4.396695858239771937e-01
4.396695858239771937e-01
4.286086569465217266e-01
3.526200624556219965e-01
2.857654449042012490e-01
3.899885584554440565e-01
3.746526640588574431e-01
3.721360247643691888e-01
3.481274355313249691e-01
1.731316597378968480e-01
3.180079242481376883e-02
0.000000000000000000e+00
0.000000000000000000e+00
1.396789436673354923e-01
2.861206506715513465e-01
4.437283702233018046e-01
4.396695858239771937e-01
4.396695858239771937e-01
4.396695858239771937e-01
4.396695858239771937e-01
4.396695858239771937e-01
4.396695858239771937e-01
4.396695858239771937e-01
4.396695858239771937e-01
4.396695858239771937e-01
4.396695858239771937e-01
4.396695858239771937e-01
4.396695858239771937e-01
4.396695858239771937e-01
4.396695858239771937e-01
4.396695858239771937e-01
4.396695858239771937e-01
3.901163495207724541e-01
1.680666571006245447e-01
1.145986579265644706e-02
0.000000000000000000e+00
0.000000000000000000e+00
2.240060864934948770e-01
3.039536168883703038e-01
4.290249070076709303e-01
4.396695858239771937e-01
4.396695858239771937e-01
4.396695858239771937e-01
4.396695858239771937e-01
4.396695858239771937e-01
4.396695858239771937e-01
4.396695858239771937e-01
4.396695858239771937e-01
4.396695858239771937e-01
4.396695858239771937e-01
4.396695858239771937e-01
4.396695858239771937e-01
4.396695858239771937e-01
4.396695858239771937e-01
4.396695858239771937e-01
4.396695858239771937e-01
3.636386028165768947e-01
1.730414615648247501e-01
1.562788913272018104e-02
0.000000000000000000e+00
0.000000000000000000e+00
2.070328382870258999e-01
3.396491198333009831e-01
4.168920392678172049e-01
4.396695858239771937e-01
4.396695858239771937e-01
4.396695858239771937e-01
4.396695858239771937e-01
4.396695858239771937e-01
4.396695858239771937e-01
4.396695858239771937e-01
4.396695858239771937e-01
4.396695858239771937e-01
4.396695858239771937e-01
4.396695858239771937e-01
4.396695858239771937e-01
4.396695858239771937e-01
4.396695858239771937e-01
4.396695858239771937e-01
4.396695858239771937e-01
3.525019523027604906e-01
1.854676543602850891e-01
3.649414809991294306e-02
0.000000000000000000e+00
0.000000000000000000e+00
1.865738177559216893e-01
2.952097375842061000e-01
4.048775452211656467e-01
4.396695858239771937e-01
4.396695858239771937e-01
4.396695858239771937e-01
4.396695858239771937e-01
4.396695858239771937e-01
4.396695858239771937e-01
4.396695858239771937e-01
4.396695858239771937e-01
4.396695858239771937e-01
4.396695858239771937e-01
4.396695858239771937e-01
4.396695858239771937e-01
4.396695858239771937e-01
4.396695858239771937e-01
4.396695858239771937e-01
4.396695858239771937e-01
3.801665167625150610e-01
2.253108139084339379e-01
5.136623392935692201e-02
1.919946985509080051e-02
0.000000000000000000e+00
9.247688477388660289e-02
2.573781872716022767e-01
3.577905372837140718e-01
4.245231592640645313e-01
4.396695858239771937e-01
4.396695858239771937e-01
4.396695858239771937e-01
4.396695858239771937e-01
4.396695858239771937e-01
4.396695858239771937e-01
4.396695858239771937e-01
4.396695858239771937e-01
4.396695858239771937e-01
4.396695858239771937e-01
4.396695858239771937e-01
4.396695858239771937e-01
4.396695858239771937e-01
4.396695858239771937e-01
4.396695858239771937e-01
4.115178997293079677e-01
2.167411114603846611e-01
1.251855284312720362e-01
3.820875067655084972e-02
0.000000000000000000e+00
1.351493946848366864e-02
1.346610366352189170e-01
3.089085946270503924e-01
3.965377739791474121e-01
4.346094867615935553e-01
4.396695858239771937e-01
4.396695858239771937e-01
4.396695858239771937e-01
4.396695858239771937e-01
4.396695858239771937e-01
4.396695858239771937e-01
4.396695858239771937e-01
4.396695858239771937e-01
4.396695858239771937e-01
4.396695858239771937e-01
4.396695858239771937e-01
4.396695858239771937e-01
4.396695858239771937e-01
4.396695858239771937e-01
4.307322985296340168e-01
3.027818972260907793e-01
1.822620066600660338e-01
6.607957411645225265e-02
9.180644452273570982e-03
0.000000000000000000e+00
4.877818120586008971e-03
2.681213902305789043e-01
3.661543167772087770e-01
4.184175785199663045e-01
4.396695858239771937e-01
4.396695858239771937e-01
4.396695858239771937e-01
4.396695858239771937e-01
4.396695858239771937e-01
4.396695858239771937e-01
4.396695858239771937e-01
4.396695858239771937e-01
4.396695858239771937e-01
4.396695858239771937e-01
4.396695858239771937e-01
4.396695858239771937e-01
4.396695858239771937e-01
4.396695858239771937e-01
4.396695858239771937e-01
3.809791987739934993e-01
1.582931335822577168e-01
1.553169438205058983e-01
8.278295793952424042e-02
5.684505322431931268e-03
0.000000000000000000e+00
1.719876203200365605e-01
3.863359109034951722e-01
4.145083495113757177e-01
4.396695858239771937e-01
4.396695858239771937e-01
4.396695858239771937e-01
4.396695858239771937e-01
4.396695858239771937e-01
2.657146063130913505e-01
2.657146063130913505e-01
2.657146063130913505e-01
2.657146063130913505e-01
2.657146063130913505e-01
2.657146063130913505e-01
2.657146063130913505e-01
2.657146063130913505e-01
2.657146063130913505e-01
2.657146063130913505e-01
2.657146063130913505e-01
2.657146063130913505e-01
2.657146063130913505e-01
2.657146063130913505e-01
2.657146063130913505e-01
2.657146063130913505e-01
2.657146063130913505e-01
2.657146063130913505e-01
2.657146063130913505e-01
2.657146063130913505e-01
2.657146063130913505e-01
2.657146063130913505e-01
2.657146063130913505e-01
2.657146063130913505e-01
2.657146063130913505e-01
2.657146063130913505e-01
2.657146063130913505e-01
2.657146063130913505e-01
2.657146063130913505e-01
2.657146063130913505e-01
2.657146063130913505e-01
2.657146063130913505e-01
2.657146063130913505e-01
2.657146063130913505e-01
2.657146063130913505e-01
2.657146063130913505e-01
2.657146063130913505e-01
2.657146063130913505e-01
2.657146063130913505e-01
2.657146063130913505e-01
2.657146063130913505e-01
2.657146063130913505e-01
2.657146063130913505e-01
2.657146063130913505e-01
2.657146063130913505e-01
2.657146063130913505e-01
2.657146063130913505e-01
2.657146063130913505e-01
2.657146063130913505e-01
2.657146063130913505e-01
2.657146063130913505e-01
2.657146063130913505e-01
2.657146063130913505e-01
2.657146063130913505e-01
2.657146063130913505e-01
2.657146063130913505e-01
2.657146063130913505e-01
2.657146063130913505e-01
2.657146063130913505e-01
2.657146063130913505e-01
2.657146063130913505e-01
2.657146063130913505e-01
2.657146063130913505e-01
2.657146063130913505e-01
2.657146063130913505e-01
2.657146063130913505e-01
2.657146063130913505e-01
2.657146063130913505e-01
2.657146063130913505e-01
2.657146063130913505e-01
2.657146063130913505e-01
2.657146063130913505e-01
2.657146063130913505e-01
2.657146063130913505e-01
2.657146063130913505e-01
2.657146063130913505e-01
2.657146063130913505e-01
2.657146063130913505e-01
2.657146063130913505e-01
2.657146063130913505e-01
2.597027783188969874e-01
2.047331488161310831e-01
1.188272728990699967e-01
6.601949314340448127e-02
5.725303480074862839e-02
2.099317521979407811e-02
6.368491868173437043e-02
4.997330049609380320e-02
1.916951583106014240e-02
6.559992058353428246e-02
8.000360051150907925e-02
1.251681252196370497e-01
2.332952803250466778e-01
2.657146063130913505e-01
2.657146063130913505e-01
2.657146063130913505e-01
2.657146063130913505e-01
2.657146063130913505e-01
2.657146063130913505e-01
2.657146063130913505e-01
2.657146063130913505e-01
2.657146063130913505e-01
2.657146063130913505e-01
2.562049874859111953e-01
1.659290499353910098e-01
6.352817691970040481e-02
4.650755770993024452e-02
1.264247077555301010e-02
1.232104214037603104e-02
0.000000000000000000e+00
0.000000000000000000e+00
2.055153398566617745e-03
0.000000000000000000e+00
0.000000000000000000e+00
2.111219991253458425e-02
1.458424181895899910e-02
1.646202760308018154e-01
2.657146063130913505e-01
2.657146063130913505e-01
2.657146063130913505e-01
2.657146063130913505e-01
2.657146063130913505e-01
2.657146063130913505e-01
2.657146063130913505e-01
2.657146063130913505e-01
2.652773824589681473e-01
2.562256809449698913e-01
1.818479991648387917e-01
7.632756905788154467e-02
2.158837064371761649e-02
0.000000000000000000e+00
0.000000000000000000e+00
2.533969453544633252e-02
0.000000000000000000e+00
0.000000000000000000e+00
1.188963821951642685e-02
0.000000000000000000e+00
0.000000000000000000e+00
0.000000000000000000e+00
2.376519833683406885e-02
1.573461601782006059e-01
2.657146063130913505e-01
2.657146063130913505e-01
2.657146063130913505e-01
2.657146063130913505e-01
2.657146063130913505e-01
2.657146063130913505e-01
2.657146063130913505e-01
2.657146063130913505e-01
2.544865776469532603e-01
1.564351895321355324e-01
6.738884336019429488e-02
1.553907608124720577e-02
0.000000000000000000e+00
0.000000000000000000e+00
0.000000000000000000e+00
0.000000000000000000e+00
3.375140176613407317e-02
2.417289727231693858e-02
3.018597379155928823e-02
0.000000000000000000e+00
0.000000000000000000e+00
0.000000000000000000e+00
6.290861766557548362e-02
1.642632570892082478e-01
2.657146063130913505e-01
2.657146063130913505e-01
2.657146063130913505e-01
2.657146063130913505e-01
2.657146063130913505e-01
2.657146063130913505e-01
2.657146063130913505e-01
2.512862191270249235e-01
1.243118232731059564e-01
5.894326490869336577e-02
0.000000000000000000e+00
0.000000000000000000e+00
0.000000000000000000e+00
0.000000000000000000e+00
0.000000000000000000e+00
3.773316287404969438e-02
3.273006842397185173e-02
1.734464494581562308e-02
0.000000000000000000e+00
0.000000000000000000e+00
0.000000000000000000e+00
0.000000000000000000e+00
1.370704551864201093e-01
1.823448072978528511e-01
2.657146063130913505e-01
2.657146063130913505e-01
2.657146063130913505e-01
2.657146063130913505e-01
2.657146063130913505e-01
2.657146063130913505e-01
2.519420549082097560e-01
1.221025268486067850e-01
7.581712727424638754e-02
0.000000000000000000e+00
0.000000000000000000e+00
0.000000000000000000e+00
0.000000000000000000e+00
0.000000000000000000e+00
5.817953557009805654e-02
1.441726097669049078e-01
6.454178535103859138e-02
0.000000000000000000e+00
0.000000000000000000e+00
0.000000000000000000e+00
0.000000000000000000e+00
8.163374803463534224e-02
1.907919676846361323e-01
2.343727398998343425e-01
2.657146063130913505e-01
2.657146063130913505e-01
2.657146063130913505e-01
2.657146063130913505e-01
2.657146063130913505e-01
2.639657108965984822e-01
2.064131003375631601e-01
1.036085883969023874e-01
0.000000000000000000e+00
0.000000000000000000e+00
0.000000000000000000e+00
0.000000000000000000e+00
0.000000000000000000e+00
4.752427717127188228e-02
6.115103521575909751e-02
8.232278269784964325e-03
0.000000000000000000e+00
0.000000000000000000e+00
0.000000000000000000e+00
0.000000000000000000e+00
2.634556447607019555e-02
1.742463759180879479e-01
1.985488510369734505e-01
2.529394090916745053e-01
2.657146063130913505e-01
2.657146063130913505e-01
2.657146063130913505e-01
2.657146063130913505e-01
2.657146063130913505e-01
2.603712504466907385e-01
1.995290176506539503e-01
1.239954363339682841e-01
0.000000000000000000e+00
0.000000000000000000e+00
0.000000000000000000e+00
0.000000000000000000e+00
3.559271673544691511e-02
3.537413523843526558e-02
2.676375959109937586e-02
0.000000000000000000e+00
0.000000000000000000e+00
0.000000000000000000e+00
0.000000000000000000e+00
0.000000000000000000e+00
1.500744930466338944e-01
2.111546109820059136e-01
2.502714971234266672e-01
2.626333834798644240e-01
2.657146063130913505e-01
2.657146063130913505e-01
2.657146063130913505e-01
2.657146063130913505e-01
2.657146063130913505e-01
2.594163635211567120e-01
1.902784242944675352e-01
1.176620501252718526e-01
0.000000000000000000e+00
0.000000000000000000e+00
0.000000000000000000e+00
2.518430040575783679e-02
2.314367576996296735e-02
0.000000000000000000e+00
3.475698760985092284e-02
0.000000000000000000e+00
0.000000000000000000e+00
0.000000000000000000e+00
0.000000000000000000e+00
8.663739634655522048e-02
2.055121197578426151e-01
2.325388409649660204e-01
2.541233394642852250e-01
2.657146063130913505e-01
2.657146063130913505e-01
2.657146063130913505e-01
2.657146063130913505e-01
2.657146063130913505e-01
2.657146063130913505e-01
2.667106612635966600e-01
2.031218258842016067e-01
1.285192150826405533e-01
0.000000000000000000e+00
0.000000000000000000e+00
0.000000000000000000e+00
9.318379277770093283e-04
8.761916472913949122e-03
0.000000000000000000e+00
0.000000000000000000e+00
0.000000000000000000e+00
0.000000000000000000e+00
0.000000000000000000e+00
0.000000000000000000e+00
1.670346109766643883e-01
1.962540301624973726e-01
2.490106088569428167e-01
2.657146063130913505e-01
2.657146063130913505e-01
2.657146063130913505e-01
2.657146063130913505e-01
2.657146063130913505e-01
2.657146063130913505e-01
2.657146063130913505e-01
2.699412310761330480e-01
1.944615586424951470e-01
2.121708147370941766e-01
6.237906769388738143e-03
2.511427225287022127e-02
0.000000000000000000e+00
0.000000000000000000e+00
0.000000000000000000e+00
0.000000000000000000e+00
1.195495013994522099e-02
0.000000000000000000e+00
0.000000000000000000e+00
0.000000000000000000e+00
8.139796816999103624e-02
1.925622144271048053e-01
2.536404251408214128e-01
2.641006324480676959e-01
2.657146063130913505e-01
2.657146063130913505e-01
2.657146063130913505e-01
2.657146063130913505e-01
2.657146063130913505e-01
2.657146063130913505e-01
2.657146063130913505e-01
2.683946508806727138e-01
2.072575836337143540e-01
1.923593278085246328e-01
1.744975417927738248e-01
4.681718168724749440e-02
0.000000000000000000e+00
0.000000000000000000e+00
0.000000000000000000e+00
7.292559244675544255e-03
2.988736119084967752e-02
0.000000000000000000e+00
0.000000000000000000e+00
0.000000000000000000e+00
6.048695940940761184e-02
1.600089789080082481e-01
2.544167892579258794e-01
2.657146063130913505e-01
2.657146063130913505e-01
2.657146063130913505e-01
2.657146063130913505e-01
2.657146063130913505e-01
2.657146063130913505e-01
2.657146063130913505e-01
2.657146063130913505e-01
2.623482733471063089e-01
2.045602561587462342e-01
1.838186124952185807e-01
2.991166657869744894e-01
3.126850322381267699e-01
3.001392673759927798e-01
3.007920163440765404e-01
2.945631186793002954e-01
1.725640137880404268e-01
6.472277442445577289e-02
0.000000000000000000e+00
0.000000000000000000e+00
0.000000000000000000e+00
1.199272575866398849e-01
1.740301316014863930e-01
2.657146063130913505e-01
2.657146063130913505e-01
2.657146063130913505e-01
2.657146063130913505e-01
2.657146063130913505e-01
2.657146063130913505e-01
2.657146063130913505e-01
2.657146063130913505e-01
2.657146063130913505e-01
2.657146063130913505e-01
2.481137949054251501e-01
1.899558182836778852e-01
2.193172740388297237e-01
2.380302269659316794e-01
2.239922489295858854e-01
2.142544320658620605e-01
2.199248917391658231e-01
9.841527011850303985e-02
9.994958385021791847e-02
0.000000000000000000e+00
0.000000000000000000e+00
3.281950358056393013e-02
1.460341094519843064e-01
2.107648304679310969e-01
2.657146063130913505e-01
2.657146063130913505e-01
2.657146063130913505e-01
2.657146063130913505e-01
2.657146063130913505e-01
2.657146063130913505e-01
2.657146063130913505e-01
2.657146063130913505e-01
2.657146063130913505e-01
2.657146063130913505e-01
2.657146063130913505e-01
2.657146063130913505e-01
2.657146063130913505e-01
2.657146063130913505e-01
2.657146063130913505e-01
2.657146063130913505e-01
2.550393451813939838e-01
1.484365872071990444e-01
9.817832305580366514e-02
0.000000000000000000e+00
0.000000000000000000e+00
3.176349794761117173e-02
1.108555046110558245e-01
2.208366332562685108e-01
2.657146063130913505e-01
2.657146063130913505e-01
2.657146063130913505e-01
2.657146063130913505e-01
2.657146063130913505e-01
2.657146063130913505e-01
2.657146063130913505e-01
2.657146063130913505e-01
2.657146063130913505e-01
2.657146063130913505e-01
2.657146063130913505e-01
2.657146063130913505e-01
2.657146063130913505e-01
2.657146063130913505e-01
2.657146063130913505e-01
2.657146063130913505e-01
2.450281166680380041e-01
1.578619273152472025e-01
7.722900719402005232e-02
0.000000000000000000e+00
0.000000000000000000e+00
2.459500859266311110e-02
1.131154903141448481e-01
2.337484241764576365e-01
2.657146063130913505e-01
2.657146063130913505e-01
2.657146063130913505e-01
2.657146063130913505e-01
2.657146063130913505e-01
2.657146063130913505e-01
2.657146063130913505e-01
2.657146063130913505e-01
2.657146063130913505e-01
2.657146063130913505e-01
2.657146063130913505e-01
2.657146063130913505e-01
2.657146063130913505e-01
2.657146063130913505e-01
2.657146063130913505e-01
2.657146063130913505e-01
2.491698737373274908e-01
1.833363860068178697e-01
9.109556795710825605e-02
0.000000000000000000e+00
0.000000000000000000e+00
3.033506982153456530e-02
6.573154388489575728e-02
2.128665019548864334e-01
2.657146063130913505e-01
2.657146063130913505e-01
2.657146063130913505e-01
2.657146063130913505e-01
2.657146063130913505e-01
2.657146063130913505e-01
2.657146063130913505e-01
2.657146063130913505e-01
2.657146063130913505e-01
2.657146063130913505e-01
2.657146063130913505e-01
2.657146063130913505e-01
2.657146063130913505e-01
2.657146063130913505e-01
2.657146063130913505e-01
2.657146063130913505e-01
2.472572204175083332e-01
2.062717942375545954e-01
1.233745363529109990e-01
0.000000000000000000e+00
0.000000000000000000e+00
1.398740649664670030e-02
4.451787341073876886e-02
1.019956804016036167e-01
2.412367605842609120e-01
2.657146063130913505e-01
2.657146063130913505e-01
2.657146063130913505e-01
2.657146063130913505e-01
2.657146063130913505e-01
2.657146063130913505e-01
2.657146063130913505e-01
2.657146063130913505e-01
2.657146063130913505e-01
2.657146063130913505e-01
2.657146063130913505e-01
2.657146063130913505e-01
2.657146063130913505e-01
2.657146063130913505e-01
2.657146063130913505e-01
2.496089412083744574e-01
2.070700524598804992e-01
2.172561421284697758e-01
0.000000000000000000e+00
0.000000000000000000e+00
0.000000000000000000e+00
4.242227124975471442e-02
2.629824276907242672e-02
1.559180863699409225e-01
2.601741365870025025e-01
2.657146063130913505e-01
2.657146063130913505e-01
2.657146063130913505e-01
2.657146063130913505e-01
2.657146063130913505e-01
2.657146063130913505e-01
2.657146063130913505e-01
2.657146063130913505e-01
2.657146063130913505e-01
2.657146063130913505e-01
2.657146063130913505e-01
2.657146063130913505e-01
2.657146063130913505e-01
2.657146063130913505e-01
2.517636611725229123e-01
2.084051370215434240e-01
2.115037345863911566e-01
8.292157918282865026e-02
0.000000000000000000e+00
0.000000000000000000e+00
0.000000000000000000e+00
4.728230505726348232e-02
7.569775735189238075e-02
2.334795172634060167e-01
2.657146063130913505e-01
2.657146063130913505e-01
2.657146063130913505e-01
2.657146063130913505e-01
2.657146063130913505e-01
2.657146063130913505e-01
2.657146063130913505e-01
2.657146063130913505e-01
2.657146063130913505e-01
2.657146063130913505e-01
2.657146063130913505e-01
2.657146063130913505e-01
2.657146063130913505e-01
2.657146063130913505e-01
2.657146063130913505e-01
2.164492960121495724e-01
1.819275271442636621e-01
2.441125103764101856e-01
1.994816258120193225e-02
0.000000000000000000e+00
0.000000000000000000e+00
2.980654603705814101e-02
1.583437187815084635e-01
2.320626510223385008e-01
2.657146063130913505e-01
2.657146063130913505e-01
2.657146063130913505e-01
2.657146063130913505e-01
2.657146063130913505e-01
