4.070005391989875432e-01
4.070005391989875432e-01
4.070005391989875432e-01
4.070005391989875432e-01
4.070005391989875432e-01
4.070005391989875432e-01
4.070005391989875432e-01
4.070005391989875432e-01
4.070005391989875432e-01
4.070005391989875432e-01
4.070005391989875432e-01
4.070005391989875432e-01
4.070005391989875432e-01
4.070005391989875432e-01
4.070005391989875432e-01
4.070005391989875432e-01
4.070005391989875432e-01
4.070005391989875432e-01
4.070005391989875432e-01
4.070005391989875432e-01
4.070005391989875432e-01
4.070005391989875432e-01
4.070005391989875432e-01
4.070005391989875432e-01
4.070005391989875432e-01
4.070005391989875432e-01
4.070005391989875432e-01
4.070005391989875432e-01
4.070005391989875432e-01
4.070005391989875432e-01
4.070005391989875432e-01
4.070005391989875432e-01
4.070005391989875432e-01
4.070005391989875432e-01
4.070005391989875432e-01
4.070005391989875432e-01
4.070005391989875432e-01
4.070005391989875432e-01
4.070005391989875432e-01
4.070005391989875432e-01
4.070005391989875432e-01
4.070005391989875432e-01
4.070005391989875432e-01
4.070005391989875432e-01
4.070005391989875432e-01
4.070005391989875432e-01
4.070005391989875432e-01
4.070005391989875432e-01
4.070005391989875432e-01
4.070005391989875432e-01
4.070005391989875432e-01
4.070005391989875432e-01
4.070005391989875432e-01
4.070005391989875432e-01
4.070005391989875432e-01
4.070005391989875432e-01
4.070005391989875432e-01
4.070005391989875432e-01
4.070005391989875432e-01
4.070005391989875432e-01
4.070005391989875432e-01
4.070005391989875432e-01
4.070005391989875432e-01
4.070005391989875432e-01
4.070005391989875432e-01
4.070005391989875432e-01
4.070005391989875432e-01
4.070005391989875432e-01
4.070005391989875432e-01
4.070005391989875432e-01
4.070005391989875432e-01
4.070005391989875432e-01
4.070005391989875432e-01
4.070005391989875432e-01
4.070005391989875432e-01
4.070005391989875432e-01
4.070005391989875432e-01
4.070005391989875432e-01
4.070005391989875432e-01
4.070005391989875432e-01
4.070005391989875432e-01
4.070005391989875432e-01
4.070005391989875432e-01
4.070005391989875432e-01
4.070005391989875432e-01
4.070005391989875432e-01
4.070005391989875432e-01
4.070005391989875432e-01
4.070005391989875432e-01
4.070005391989875432e-01
4.070005391989875432e-01
4.070005391989875432e-01
4.070005391989875432e-01
4.070005391989875432e-01
4.070005391989875432e-01
4.070005391989875432e-01
4.070005391989875432e-01
4.070005391989875432e-01
4.070005391989875432e-01
4.070005391989875432e-01
4.070005391989875432e-01
4.070005391989875432e-01
4.070005391989875432e-01
4.070005391989875432e-01
4.070005391989875432e-01
4.070005391989875432e-01
4.070005391989875432e-01
4.070005391989875432e-01
4.070005391989875432e-01
4.070005391989875432e-01
4.070005391989875432e-01
4.070005391989875432e-01
4.070005391989875432e-01
4.070005391989875432e-01
4.070005391989875432e-01
4.070005391989875432e-01
4.070005391989875432e-01
4.070005391989875432e-01
4.070005391989875432e-01
4.070005391989875432e-01
4.070005391989875432e-01
4.070005391989875432e-01
4.070005391989875432e-01
4.070005391989875432e-01
4.070005391989875432e-01
4.070005391989875432e-01
4.070005391989875432e-01
4.070005391989875432e-01
4.070005391989875432e-01
4.070005391989875432e-01
4.070005391989875432e-01
4.070005391989875432e-01
4.070005391989875432e-01
4.070005391989875432e-01
4.070005391989875432e-01
4.070005391989875432e-01
4.070005391989875432e-01
4.070005391989875432e-01
4.070005391989875432e-01
4.070005391989875432e-01
2.994846419881085908e-01
7.683298651213231467e-02
0.000000000000000000e+00
0.000000000000000000e+00
0.000000000000000000e+00
0.000000000000000000e+00
0.000000000000000000e+00
0.000000000000000000e+00
0.000000000000000000e+00
0.000000000000000000e+00
1.746110455280700524e-01
4.070005391989875432e-01
4.070005391989875432e-01
4.070005391989875432e-01
4.070005391989875432e-01
4.070005391989875432e-01
4.070005391989875432e-01
4.070005391989875432e-01
4.070005391989875432e-01
4.070005391989875432e-01
4.070005391989875432e-01
4.070005391989875432e-01
4.070005391989875432e-01
4.070005391989875432e-01
4.070005391989875432e-01
2.369299381563244600e-01
0.000000000000000000e+00
0.000000000000000000e+00
0.000000000000000000e+00
0.000000000000000000e+00
0.000000000000000000e+00
0.000000000000000000e+00
0.000000000000000000e+00
0.000000000000000000e+00
0.000000000000000000e+00
0.000000000000000000e+00
0.000000000000000000e+00
4.070005391989875432e-01
4.070005391989875432e-01
4.070005391989875432e-01
4.070005391989875432e-01
4.070005391989875432e-01
4.070005391989875432e-01
4.070005391989875432e-01
4.070005391989875432e-01
4.070005391989875432e-01
4.070005391989875432e-01
4.070005391989875432e-01
4.070005391989875432e-01
3.991812012200145476e-01
2.926039150011782164e-01
0.000000000000000000e+00
0.000000000000000000e+00
0.000000000000000000e+00
0.000000000000000000e+00
0.000000000000000000e+00
0.000000000000000000e+00
0.000000000000000000e+00
0.000000000000000000e+00
0.000000000000000000e+00
0.000000000000000000e+00
0.000000000000000000e+00
0.000000000000000000e+00
4.070005391989875432e-01
4.070005391989875432e-01
4.070005391989875432e-01
4.070005391989875432e-01
4.070005391989875432e-01
4.070005391989875432e-01
4.070005391989875432e-01
4.070005391989875432e-01
4.070005391989875432e-01
4.070005391989875432e-01
4.070005391989875432e-01
4.070005391989875432e-01
2.174251446093923290e-01
0.000000000000000000e+00
0.000000000000000000e+00
0.000000000000000000e+00
0.000000000000000000e+00
0.000000000000000000e+00
0.000000000000000000e+00
0.000000000000000000e+00
0.000000000000000000e+00
0.000000000000000000e+00
0.000000000000000000e+00
0.000000000000000000e+00
0.000000000000000000e+00
0.000000000000000000e+00
4.070005391989875432e-01
4.070005391989875432e-01
4.070005391989875432e-01
4.070005391989875432e-01
4.070005391989875432e-01
4.070005391989875432e-01
4.070005391989875432e-01
4.070005391989875432e-01
4.070005391989875432e-01
4.070005391989875432e-01
4.070005391989875432e-01
1.489623858928780242e-01
0.000000000000000000e+00
0.000000000000000000e+00
0.000000000000000000e+00
0.000000000000000000e+00
0.000000000000000000e+00
0.000000000000000000e+00
0.000000000000000000e+00
0.000000000000000000e+00
0.000000000000000000e+00
0.000000000000000000e+00
0.000000000000000000e+00
0.000000000000000000e+00
0.000000000000000000e+00
1.708419762966378874e-01
4.070005391989875432e-01
4.070005391989875432e-01
4.070005391989875432e-01
4.070005391989875432e-01
4.070005391989875432e-01
4.070005391989875432e-01
4.070005391989875432e-01
4.070005391989875432e-01
4.070005391989875432e-01
4.070005391989875432e-01
1.606913928613375453e-01
0.000000000000000000e+00
0.000000000000000000e+00
0.000000000000000000e+00
0.000000000000000000e+00
0.000000000000000000e+00
0.000000000000000000e+00
0.000000000000000000e+00
2.209165425706223762e-01
0.000000000000000000e+00
0.000000000000000000e+00
0.000000000000000000e+00
0.000000000000000000e+00
0.000000000000000000e+00
0.000000000000000000e+00
3.655033541337321945e-01
4.070005391989875432e-01
4.070005391989875432e-01
4.070005391989875432e-01
4.070005391989875432e-01
4.070005391989875432e-01
4.070005391989875432e-01
4.070005391989875432e-01
4.070005391989875432e-01
4.070005391989875432e-01
3.757231872830955055e-01
0.000000000000000000e+00
0.000000000000000000e+00
0.000000000000000000e+00
0.000000000000000000e+00
0.000000000000000000e+00
0.000000000000000000e+00
9.703769095393138810e-03
0.000000000000000000e+00
0.000000000000000000e+00
0.000000000000000000e+00
0.000000000000000000e+00
0.000000000000000000e+00
0.000000000000000000e+00
0.000000000000000000e+00
2.508920810963602976e-01
4.070005391989875432e-01
4.070005391989875432e-01
4.070005391989875432e-01
4.070005391989875432e-01
4.070005391989875432e-01
4.070005391989875432e-01
4.070005391989875432e-01
4.070005391989875432e-01
4.070005391989875432e-01
4.070005391989875432e-01
3.563490479376643649e-01
0.000000000000000000e+00
0.000000000000000000e+00
0.000000000000000000e+00
0.000000000000000000e+00
0.000000000000000000e+00
0.000000000000000000e+00
0.000000000000000000e+00
0.000000000000000000e+00
0.000000000000000000e+00
0.000000000000000000e+00
0.000000000000000000e+00
0.000000000000000000e+00
0.000000000000000000e+00
1.484561078408159207e-01
4.070005391989875432e-01
4.070005391989875432e-01
4.070005391989875432e-01
4.070005391989875432e-01
4.070005391989875432e-01
4.070005391989875432e-01
4.070005391989875432e-01
4.070005391989875432e-01
4.070005391989875432e-01
4.070005391989875432e-01
4.070005391989875432e-01
3.533356381687424164e-01
0.000000000000000000e+00
0.000000000000000000e+00
0.000000000000000000e+00
0.000000000000000000e+00
0.000000000000000000e+00
0.000000000000000000e+00
0.000000000000000000e+00
0.000000000000000000e+00
0.000000000000000000e+00
0.000000000000000000e+00
0.000000000000000000e+00
0.000000000000000000e+00
1.976458219400258065e-02
3.852639184505204928e-01
4.070005391989875432e-01
4.070005391989875432e-01
4.070005391989875432e-01
4.070005391989875432e-01
4.070005391989875432e-01
4.070005391989875432e-01
4.070005391989875432e-01
4.070005391989875432e-01
4.070005391989875432e-01
4.070005391989875432e-01
4.070005391989875432e-01
3.830266051899923752e-01
0.000000000000000000e+00
0.000000000000000000e+00
0.000000000000000000e+00
0.000000000000000000e+00
0.000000000000000000e+00
0.000000000000000000e+00
0.000000000000000000e+00
0.000000000000000000e+00
0.000000000000000000e+00
0.000000000000000000e+00
0.000000000000000000e+00
0.000000000000000000e+00
2.548441939597179129e-01
4.070005391989875432e-01
4.070005391989875432e-01
4.070005391989875432e-01
4.070005391989875432e-01
4.070005391989875432e-01
4.070005391989875432e-01
4.070005391989875432e-01
4.070005391989875432e-01
4.070005391989875432e-01
4.070005391989875432e-01
4.070005391989875432e-01
4.070005391989875432e-01
3.951250471029704170e-01
1.687583673713847210e-01
0.000000000000000000e+00
0.000000000000000000e+00
0.000000000000000000e+00
0.000000000000000000e+00
0.000000000000000000e+00
0.000000000000000000e+00
0.000000000000000000e+00
0.000000000000000000e+00
0.000000000000000000e+00
0.000000000000000000e+00
0.000000000000000000e+00
4.070005391989875432e-01
4.070005391989875432e-01
4.070005391989875432e-01
4.070005391989875432e-01
4.070005391989875432e-01
4.070005391989875432e-01
4.070005391989875432e-01
4.070005391989875432e-01
4.070005391989875432e-01
4.070005391989875432e-01
4.070005391989875432e-01
4.070005391989875432e-01
4.070005391989875432e-01
4.070005391989875432e-01
3.661785351189286719e-01
9.332745728852616385e-02
0.000000000000000000e+00
0.000000000000000000e+00
0.000000000000000000e+00
0.000000000000000000e+00
0.000000000000000000e+00
0.000000000000000000e+00
0.000000000000000000e+00
0.000000000000000000e+00
0.000000000000000000e+00
0.000000000000000000e+00
4.070005391989875432e-01
4.070005391989875432e-01
4.070005391989875432e-01
4.070005391989875432e-01
4.070005391989875432e-01
4.070005391989875432e-01
4.070005391989875432e-01
4.070005391989875432e-01
4.070005391989875432e-01
4.070005391989875432e-01
4.070005391989875432e-01
4.070005391989875432e-01
4.070005391989875432e-01
4.070005391989875432e-01
4.070005391989875432e-01
4.070005391989875432e-01
4.070005391989875432e-01
4.070005391989875432e-01
4.070005391989875432e-01
4.070005391989875432e-01
3.270577324041096245e-01
0.000000000000000000e+00
0.000000000000000000e+00
0.000000000000000000e+00
0.000000000000000000e+00
9.594383737131208234e-02
4.070005391989875432e-01
4.070005391989875432e-01
4.070005391989875432e-01
4.070005391989875432e-01
4.070005391989875432e-01
4.070005391989875432e-01
4.070005391989875432e-01
4.070005391989875432e-01
4.070005391989875432e-01
4.070005391989875432e-01
4.070005391989875432e-01
4.070005391989875432e-01
4.070005391989875432e-01
4.070005391989875432e-01
4.070005391989875432e-01
4.070005391989875432e-01
4.070005391989875432e-01
4.070005391989875432e-01
4.070005391989875432e-01
4.070005391989875432e-01
2.155097938961405557e-01
0.000000000000000000e+00
0.000000000000000000e+00
0.000000000000000000e+00
0.000000000000000000e+00
2.698368033590487491e-01
4.070005391989875432e-01
4.070005391989875432e-01
4.070005391989875432e-01
4.070005391989875432e-01
4.070005391989875432e-01
4.070005391989875432e-01
4.070005391989875432e-01
4.070005391989875432e-01
4.070005391989875432e-01
4.070005391989875432e-01
4.070005391989875432e-01
4.070005391989875432e-01
4.070005391989875432e-01
4.070005391989875432e-01
4.070005391989875432e-01
4.070005391989875432e-01
4.070005391989875432e-01
4.070005391989875432e-01
4.070005391989875432e-01
4.070005391989875432e-01
1.658628078333910794e-01
0.000000000000000000e+00
0.000000000000000000e+00
0.000000000000000000e+00
0.000000000000000000e+00
2.698368033590487491e-01
4.070005391989875432e-01
4.070005391989875432e-01
4.070005391989875432e-01
4.070005391989875432e-01
4.070005391989875432e-01
4.070005391989875432e-01
4.070005391989875432e-01
4.070005391989875432e-01
4.070005391989875432e-01
4.070005391989875432e-01
4.070005391989875432e-01
4.070005391989875432e-01
4.070005391989875432e-01
4.070005391989875432e-01
4.070005391989875432e-01
4.070005391989875432e-01
4.070005391989875432e-01
4.070005391989875432e-01
4.070005391989875432e-01
4.070005391989875432e-01
2.156864887620281723e-01
0.000000000000000000e+00
0.000000000000000000e+00
0.000000000000000000e+00
0.000000000000000000e+00
2.698368033590487491e-01
4.070005391989875432e-01
4.070005391989875432e-01
4.070005391989875432e-01
4.070005391989875432e-01
4.070005391989875432e-01
4.070005391989875432e-01
4.070005391989875432e-01
4.070005391989875432e-01
4.070005391989875432e-01
4.070005391989875432e-01
4.070005391989875432e-01
4.070005391989875432e-01
4.070005391989875432e-01
4.070005391989875432e-01
4.070005391989875432e-01
4.070005391989875432e-01
4.070005391989875432e-01
4.070005391989875432e-01
4.070005391989875432e-01
4.070005391989875432e-01
3.068234692526414231e-01
0.000000000000000000e+00
0.000000000000000000e+00
0.000000000000000000e+00
0.000000000000000000e+00
1.219525801139194759e-01
4.070005391989875432e-01
4.070005391989875432e-01
4.070005391989875432e-01
4.070005391989875432e-01
4.070005391989875432e-01
4.070005391989875432e-01
4.070005391989875432e-01
4.070005391989875432e-01
4.070005391989875432e-01
4.070005391989875432e-01
4.070005391989875432e-01
4.070005391989875432e-01
4.070005391989875432e-01
4.070005391989875432e-01
4.070005391989875432e-01
4.070005391989875432e-01
4.070005391989875432e-01
4.070005391989875432e-01
4.070005391989875432e-01
4.070005391989875432e-01
3.736007176789393758e-01
0.000000000000000000e+00
0.000000000000000000e+00
0.000000000000000000e+00
0.000000000000000000e+00
0.000000000000000000e+00
2.295394713048323765e-01
4.070005391989875432e-01
4.070005391989875432e-01
4.070005391989875432e-01
4.070005391989875432e-01
4.070005391989875432e-01
4.070005391989875432e-01
4.070005391989875432e-01
4.070005391989875432e-01
4.070005391989875432e-01
4.070005391989875432e-01
4.070005391989875432e-01
4.070005391989875432e-01
4.070005391989875432e-01
4.070005391989875432e-01
4.070005391989875432e-01
4.070005391989875432e-01
4.070005391989875432e-01
4.070005391989875432e-01
4.070005391989875432e-01
4.070005391989875432e-01
1.719584822025189141e-01
0.000000000000000000e+00
0.000000000000000000e+00
0.000000000000000000e+00
0.000000000000000000e+00
0.000000000000000000e+00
3.605226404648040339e-01
4.070005391989875432e-01
4.070005391989875432e-01
4.070005391989875432e-01
4.070005391989875432e-01
4.070005391989875432e-01
4.070005391989875432e-01
4.070005391989875432e-01
4.070005391989875432e-01
4.070005391989875432e-01
4.070005391989875432e-01
4.070005391989875432e-01
4.070005391989875432e-01
4.070005391989875432e-01
4.070005391989875432e-01
4.070005391989875432e-01
4.070005391989875432e-01
4.070005391989875432e-01
4.070005391989875432e-01
4.070005391989875432e-01
3.290580957930346329e-01
0.000000000000000000e+00
0.000000000000000000e+00
0.000000000000000000e+00
0.000000000000000000e+00
0.000000000000000000e+00
2.259063196332293244e-01
4.070005391989875432e-01
4.070005391989875432e-01
4.070005391989875432e-01
4.070005391989875432e-01
4.070005391989875432e-01
4.070005391989875432e-01
4.070005391989875432e-01
4.070005391989875432e-01
4.070005391989875432e-01
4.070005391989875432e-01
4.070005391989875432e-01
4.070005391989875432e-01
4.070005391989875432e-01
4.070005391989875432e-01
4.070005391989875432e-01
4.070005391989875432e-01
4.070005391989875432e-01
4.070005391989875432e-01
4.070005391989875432e-01
3.966094836149725578e-01
2.282969786376142229e-01
0.000000000000000000e+00
0.000000000000000000e+00
0.000000000000000000e+00
0.000000000000000000e+00
3.713918847953088798e-01
4.070005391989875432e-01
4.070005391989875432e-01
4.070005391989875432e-01
4.070005391989875432e-01
4.070005391989875432e-01
4.070005391989875432e-01
4.070005391989875432e-01
1.723184207048120142e-01
1.723184207048120142e-01
1.723184207048120142e-01
1.723184207048120142e-01
1.723184207048120142e-01
1.723184207048120142e-01
1.723184207048120142e-01
1.723184207048120142e-01
1.723184207048120142e-01
1.723184207048120142e-01
1.723184207048120142e-01
1.723184207048120142e-01
1.723184207048120142e-01
1.723184207048120142e-01
1.723184207048120142e-01
1.723184207048120142e-01
1.723184207048120142e-01
1.723184207048120142e-01
1.723184207048120142e-01
1.723184207048120142e-01
1.723184207048120142e-01
1.723184207048120142e-01
1.723184207048120142e-01
1.723184207048120142e-01
1.723184207048120142e-01
1.723184207048120142e-01
1.723184207048120142e-01
1.723184207048120142e-01
1.723184207048120142e-01
1.723184207048120142e-01
1.723184207048120142e-01
1.723184207048120142e-01
1.723184207048120142e-01
1.723184207048120142e-01
1.723184207048120142e-01
1.723184207048120142e-01
1.723184207048120142e-01
1.723184207048120142e-01
1.723184207048120142e-01
1.723184207048120142e-01
1.723184207048120142e-01
1.723184207048120142e-01
1.723184207048120142e-01
1.723184207048120142e-01
1.723184207048120142e-01
1.723184207048120142e-01
1.723184207048120142e-01
1.723184207048120142e-01
1.723184207048120142e-01
1.723184207048120142e-01
1.723184207048120142e-01
1.723184207048120142e-01
1.723184207048120142e-01
1.723184207048120142e-01
1.723184207048120142e-01
1.723184207048120142e-01
1.723184207048120142e-01
1.723184207048120142e-01
1.723184207048120142e-01
1.723184207048120142e-01
1.723184207048120142e-01
1.723184207048120142e-01
1.723184207048120142e-01
1.723184207048120142e-01
1.723184207048120142e-01
1.723184207048120142e-01
1.723184207048120142e-01
1.723184207048120142e-01
1.723184207048120142e-01
1.723184207048120142e-01
1.723184207048120142e-01
1.723184207048120142e-01
1.723184207048120142e-01
1.723184207048120142e-01
1.723184207048120142e-01
1.723184207048120142e-01
1.723184207048120142e-01
1.723184207048120142e-01
1.723184207048120142e-01
1.723184207048120142e-01
1.723184207048120142e-01
1.723184207048120142e-01
1.723184207048120142e-01
1.723184207048120142e-01
1.723184207048120142e-01
1.723184207048120142e-01
1.723184207048120142e-01
1.723184207048120142e-01
1.723184207048120142e-01
1.723184207048120142e-01
1.723184207048120142e-01
1.723184207048120142e-01
1.723184207048120142e-01
1.723184207048120142e-01
1.723184207048120142e-01
1.723184207048120142e-01
1.723184207048120142e-01
1.723184207048120142e-01
1.723184207048120142e-01
1.723184207048120142e-01
1.723184207048120142e-01
1.723184207048120142e-01
1.723184207048120142e-01
1.723184207048120142e-01
1.723184207048120142e-01
1.723184207048120142e-01
1.723184207048120142e-01
1.723184207048120142e-01
1.723184207048120142e-01
1.723184207048120142e-01
1.723184207048120142e-01
1.723184207048120142e-01
1.723184207048120142e-01
1.723184207048120142e-01
1.723184207048120142e-01
1.723184207048120142e-01
1.723184207048120142e-01
1.723184207048120142e-01
1.723184207048120142e-01
1.723184207048120142e-01
1.723184207048120142e-01
1.723184207048120142e-01
1.723184207048120142e-01
1.723184207048120142e-01
1.723184207048120142e-01
1.723184207048120142e-01
1.723184207048120142e-01
1.723184207048120142e-01
1.723184207048120142e-01
1.723184207048120142e-01
1.723184207048120142e-01
1.723184207048120142e-01
1.723184207048120142e-01
1.723184207048120142e-01
1.723184207048120142e-01
1.723184207048120142e-01
1.723184207048120142e-01
1.723184207048120142e-01
1.723184207048120142e-01
1.723184207048120142e-01
1.025560061138061502e-01
4.338507391772583599e-02
0.000000000000000000e+00
0.000000000000000000e+00
0.000000000000000000e+00
0.000000000000000000e+00
0.000000000000000000e+00
0.000000000000000000e+00
1.332401604403963269e-01
1.418392136374203166e-02
9.170422644847431304e-02
1.723184207048120142e-01
1.723184207048120142e-01
1.723184207048120142e-01
1.723184207048120142e-01
1.723184207048120142e-01
1.723184207048120142e-01
1.723184207048120142e-01
1.723184207048120142e-01
1.723184207048120142e-01
1.723184207048120142e-01
1.723184207048120142e-01
1.723184207048120142e-01
1.723184207048120142e-01
1.723184207048120142e-01
6.196696489722090806e-02
0.000000000000000000e+00
0.000000000000000000e+00
0.000000000000000000e+00
0.000000000000000000e+00
0.000000000000000000e+00
0.000000000000000000e+00
0.000000000000000000e+00
0.000000000000000000e+00
0.000000000000000000e+00
0.000000000000000000e+00
0.000000000000000000e+00
1.723184207048120142e-01
1.723184207048120142e-01
1.723184207048120142e-01
1.723184207048120142e-01
1.723184207048120142e-01
1.723184207048120142e-01
1.723184207048120142e-01
1.723184207048120142e-01
1.723184207048120142e-01
1.723184207048120142e-01
1.723184207048120142e-01
1.723184207048120142e-01
1.672447905527388590e-01
1.042948978624692463e-01
0.000000000000000000e+00
0.000000000000000000e+00
0.000000000000000000e+00
0.000000000000000000e+00
0.000000000000000000e+00
0.000000000000000000e+00
0.000000000000000000e+00
0.000000000000000000e+00
0.000000000000000000e+00
0.000000000000000000e+00
0.000000000000000000e+00
0.000000000000000000e+00
1.723184207048120142e-01
1.723184207048120142e-01
1.723184207048120142e-01
1.723184207048120142e-01
1.723184207048120142e-01
1.723184207048120142e-01
1.723184207048120142e-01
1.723184207048120142e-01
1.723184207048120142e-01
1.723184207048120142e-01
1.723184207048120142e-01
1.723184207048120142e-01
3.852988250789934899e-02
0.000000000000000000e+00
0.000000000000000000e+00
0.000000000000000000e+00
0.000000000000000000e+00
0.000000000000000000e+00
0.000000000000000000e+00
0.000000000000000000e+00
0.000000000000000000e+00
0.000000000000000000e+00
0.000000000000000000e+00
0.000000000000000000e+00
0.000000000000000000e+00
0.000000000000000000e+00
1.723184207048120142e-01
1.723184207048120142e-01
1.723184207048120142e-01
1.723184207048120142e-01
1.723184207048120142e-01
1.723184207048120142e-01
1.723184207048120142e-01
1.723184207048120142e-01
1.723184207048120142e-01
1.723184207048120142e-01
1.723184207048120142e-01
4.888625686397932157e-03
0.000000000000000000e+00
0.000000000000000000e+00
0.000000000000000000e+00
0.000000000000000000e+00
0.000000000000000000e+00
0.000000000000000000e+00
2.001288426247760377e-01
0.000000000000000000e+00
0.000000000000000000e+00
0.000000000000000000e+00
0.000000000000000000e+00
0.000000000000000000e+00
0.000000000000000000e+00
1.415744258586212889e-01
1.723184207048120142e-01
1.723184207048120142e-01
1.723184207048120142e-01
1.723184207048120142e-01
1.723184207048120142e-01
1.723184207048120142e-01
1.723184207048120142e-01
1.723184207048120142e-01
1.723184207048120142e-01
1.723184207048120142e-01
1.249907091450763730e-02
0.000000000000000000e+00
0.000000000000000000e+00
0.000000000000000000e+00
0.000000000000000000e+00
0.000000000000000000e+00
0.000000000000000000e+00
1.733273550588759759e-01
8.553498042744397956e-02
0.000000000000000000e+00
0.000000000000000000e+00
0.000000000000000000e+00
0.000000000000000000e+00
0.000000000000000000e+00
9.003804663585253387e-03
1.777198217628006560e-01
1.723184207048120142e-01
1.723184207048120142e-01
1.723184207048120142e-01
1.723184207048120142e-01
1.723184207048120142e-01
1.723184207048120142e-01
1.723184207048120142e-01
1.723184207048120142e-01
1.723184207048120142e-01
1.520239000965193932e-01
0.000000000000000000e+00
0.000000000000000000e+00
0.000000000000000000e+00
0.000000000000000000e+00
0.000000000000000000e+00
0.000000000000000000e+00
1.427190719998656376e-01
0.000000000000000000e+00
0.000000000000000000e+00
0.000000000000000000e+00
0.000000000000000000e+00
0.000000000000000000e+00
0.000000000000000000e+00
0.000000000000000000e+00
1.926379770658169233e-01
1.723184207048120142e-01
1.723184207048120142e-01
1.723184207048120142e-01
1.723184207048120142e-01
1.723184207048120142e-01
1.723184207048120142e-01
1.723184207048120142e-01
1.723184207048120142e-01
1.723184207048120142e-01
1.723184207048120142e-01
9.632779667978180749e-02
0.000000000000000000e+00
0.000000000000000000e+00
0.000000000000000000e+00
0.000000000000000000e+00
0.000000000000000000e+00
6.554357938680435702e-02
0.000000000000000000e+00
0.000000000000000000e+00
0.000000000000000000e+00
0.000000000000000000e+00
0.000000000000000000e+00
0.000000000000000000e+00
0.000000000000000000e+00
1.737659148241491036e-01
1.723184207048120142e-01
1.723184207048120142e-01
1.723184207048120142e-01
1.723184207048120142e-01
1.723184207048120142e-01
1.723184207048120142e-01
1.723184207048120142e-01
1.723184207048120142e-01
1.723184207048120142e-01
1.723184207048120142e-01
1.723184207048120142e-01
8.128744268470865231e-02
0.000000000000000000e+00
0.000000000000000000e+00
0.000000000000000000e+00
0.000000000000000000e+00
0.000000000000000000e+00
0.000000000000000000e+00
0.000000000000000000e+00
0.000000000000000000e+00
0.000000000000000000e+00
0.000000000000000000e+00
0.000000000000000000e+00
0.000000000000000000e+00
0.000000000000000000e+00
1.751477260209013120e-01
1.723184207048120142e-01
1.723184207048120142e-01
1.723184207048120142e-01
1.723184207048120142e-01
1.723184207048120142e-01
1.723184207048120142e-01
1.723184207048120142e-01
1.723184207048120142e-01
1.723184207048120142e-01
1.723184207048120142e-01
1.723184207048120142e-01
1.178820810878189185e-01
0.000000000000000000e+00
0.000000000000000000e+00
0.000000000000000000e+00
0.000000000000000000e+00
0.000000000000000000e+00
0.000000000000000000e+00
0.000000000000000000e+00
0.000000000000000000e+00
0.000000000000000000e+00
0.000000000000000000e+00
0.000000000000000000e+00
0.000000000000000000e+00
1.921235579174370434e-01
1.723184207048120142e-01
1.723184207048120142e-01
1.723184207048120142e-01
1.723184207048120142e-01
1.723184207048120142e-01
1.723184207048120142e-01
1.723184207048120142e-01
1.723184207048120142e-01
1.723184207048120142e-01
1.723184207048120142e-01
1.723184207048120142e-01
1.723184207048120142e-01
1.676997433023645900e-01
0.000000000000000000e+00
0.000000000000000000e+00
0.000000000000000000e+00
0.000000000000000000e+00
0.000000000000000000e+00
0.000000000000000000e+00
0.000000000000000000e+00
0.000000000000000000e+00
0.000000000000000000e+00
0.000000000000000000e+00
0.000000000000000000e+00
0.000000000000000000e+00
1.723184207048120142e-01
1.723184207048120142e-01
1.723184207048120142e-01
1.723184207048120142e-01
1.723184207048120142e-01
1.723184207048120142e-01
1.723184207048120142e-01
1.723184207048120142e-01
1.723184207048120142e-01
1.723184207048120142e-01
1.723184207048120142e-01
1.723184207048120142e-01
1.723184207048120142e-01
1.723184207048120142e-01
1.564417171338989554e-01
1.220568969678926530e-01
1.885265771083118047e-01
2.509682411817795167e-01
2.668989000642373877e-01
2.601068971115267914e-01
0.000000000000000000e+00
0.000000000000000000e+00
0.000000000000000000e+00
0.000000000000000000e+00
0.000000000000000000e+00
0.000000000000000000e+00
1.723184207048120142e-01
1.723184207048120142e-01
1.723184207048120142e-01
1.723184207048120142e-01
1.723184207048120142e-01
1.723184207048120142e-01
1.723184207048120142e-01
1.723184207048120142e-01
1.723184207048120142e-01
1.723184207048120142e-01
1.723184207048120142e-01
1.723184207048120142e-01
1.723184207048120142e-01
1.723184207048120142e-01
1.723184207048120142e-01
1.723184207048120142e-01
1.723184207048120142e-01
1.723184207048120142e-01
1.723184207048120142e-01
1.723184207048120142e-01
0.000000000000000000e+00
0.000000000000000000e+00
0.000000000000000000e+00
0.000000000000000000e+00
0.000000000000000000e+00
1.089939937595991726e-01
1.723184207048120142e-01
1.723184207048120142e-01
1.723184207048120142e-01
1.723184207048120142e-01
1.723184207048120142e-01
1.723184207048120142e-01
1.723184207048120142e-01
1.723184207048120142e-01
1.723184207048120142e-01
1.723184207048120142e-01
1.723184207048120142e-01
1.723184207048120142e-01
1.723184207048120142e-01
1.723184207048120142e-01
1.723184207048120142e-01
1.723184207048120142e-01
1.723184207048120142e-01
1.723184207048120142e-01
1.723184207048120142e-01
1.723184207048120142e-01
6.176610453215299751e-02
0.000000000000000000e+00
0.000000000000000000e+00
0.000000000000000000e+00
0.000000000000000000e+00
8.635955123088485952e-02
1.723184207048120142e-01
1.723184207048120142e-01
1.723184207048120142e-01
1.723184207048120142e-01
1.723184207048120142e-01
1.723184207048120142e-01
1.723184207048120142e-01
1.723184207048120142e-01
1.723184207048120142e-01
1.723184207048120142e-01
1.723184207048120142e-01
1.723184207048120142e-01
1.723184207048120142e-01
1.723184207048120142e-01
1.723184207048120142e-01
1.723184207048120142e-01
1.723184207048120142e-01
1.723184207048120142e-01
1.723184207048120142e-01
1.723184207048120142e-01
0.000000000000000000e+00
0.000000000000000000e+00
0.000000000000000000e+00
0.000000000000000000e+00
0.000000000000000000e+00
8.635955123088485952e-02
1.723184207048120142e-01
1.723184207048120142e-01
1.723184207048120142e-01
1.723184207048120142e-01
1.723184207048120142e-01
1.723184207048120142e-01
1.723184207048120142e-01
1.723184207048120142e-01
1.723184207048120142e-01
1.723184207048120142e-01
1.723184207048120142e-01
1.723184207048120142e-01
1.723184207048120142e-01
1.723184207048120142e-01
1.723184207048120142e-01
1.723184207048120142e-01
1.723184207048120142e-01
1.723184207048120142e-01
1.723184207048120142e-01
1.723184207048120142e-01
0.000000000000000000e+00
0.000000000000000000e+00
0.000000000000000000e+00
0.000000000000000000e+00
0.000000000000000000e+00
8.635955123088485952e-02
1.723184207048120142e-01
1.723184207048120142e-01
1.723184207048120142e-01
1.723184207048120142e-01
1.723184207048120142e-01
1.723184207048120142e-01
1.723184207048120142e-01
1.723184207048120142e-01
1.723184207048120142e-01
1.723184207048120142e-01
1.723184207048120142e-01
1.723184207048120142e-01
1.723184207048120142e-01
1.723184207048120142e-01
1.723184207048120142e-01
1.723184207048120142e-01
1.723184207048120142e-01
1.723184207048120142e-01
1.723184207048120142e-01
1.723184207048120142e-01
6.478769258081829019e-03
0.000000000000000000e+00
0.000000000000000000e+00
0.000000000000000000e+00
0.000000000000000000e+00
3.505960943139722896e-02
1.723184207048120142e-01
1.723184207048120142e-01
1.723184207048120142e-01
1.723184207048120142e-01
1.723184207048120142e-01
1.723184207048120142e-01
1.723184207048120142e-01
1.723184207048120142e-01
1.723184207048120142e-01
1.723184207048120142e-01
1.723184207048120142e-01
1.723184207048120142e-01
1.723184207048120142e-01
1.723184207048120142e-01
1.723184207048120142e-01
1.723184207048120142e-01
1.723184207048120142e-01
1.723184207048120142e-01
1.723184207048120142e-01
1.723184207048120142e-01
1.593283905104286025e-01
0.000000000000000000e+00
0.000000000000000000e+00
0.000000000000000000e+00
0.000000000000000000e+00
0.000000000000000000e+00
1.107584905454268576e-01
1.723184207048120142e-01
1.723184207048120142e-01
1.723184207048120142e-01
1.723184207048120142e-01
1.723184207048120142e-01
1.723184207048120142e-01
1.723184207048120142e-01
1.723184207048120142e-01
1.723184207048120142e-01
1.723184207048120142e-01
1.723184207048120142e-01
1.723184207048120142e-01
1.723184207048120142e-01
1.723184207048120142e-01
1.723184207048120142e-01
1.723184207048120142e-01
1.723184207048120142e-01
1.723184207048120142e-01
1.723184207048120142e-01
1.723184207048120142e-01
0.000000000000000000e+00
0.000000000000000000e+00
0.000000000000000000e+00
0.000000000000000000e+00
0.000000000000000000e+00
0.000000000000000000e+00
1.561955818535444851e-01
1.723184207048120142e-01
1.723184207048120142e-01
1.723184207048120142e-01
1.723184207048120142e-01
1.723184207048120142e-01
1.723184207048120142e-01
1.723184207048120142e-01
1.723184207048120142e-01
1.723184207048120142e-01
1.723184207048120142e-01
1.723184207048120142e-01
1.723184207048120142e-01
1.723184207048120142e-01
1.723184207048120142e-01
1.723184207048120142e-01
1.723184207048120142e-01
1.723184207048120142e-01
1.723184207048120142e-01
1.723184207048120142e-01
1.025314053750779886e-01
0.000000000000000000e+00
0.000000000000000000e+00
0.000000000000000000e+00
0.000000000000000000e+00
0.000000000000000000e+00
7.902594959426231802e-02
1.723184207048120142e-01
1.723184207048120142e-01
1.723184207048120142e-01
1.723184207048120142e-01
1.723184207048120142e-01
1.723184207048120142e-01
1.723184207048120142e-01
1.723184207048120142e-01
1.723184207048120142e-01
1.723184207048120142e-01
1.723184207048120142e-01
1.723184207048120142e-01
1.723184207048120142e-01
1.723184207048120142e-01
1.723184207048120142e-01
1.723184207048120142e-01
1.723184207048120142e-01
1.723184207048120142e-01
1.723184207048120142e-01
1.682770779776705250e-01
8.160239254455130264e-02
0.000000000000000000e+00
0.000000000000000000e+00
2.150107171585589616e-01
0.000000000000000000e+00
5.398711511645484795e-02
1.723184207048120142e-01
1.723184207048120142e-01
1.723184207048120142e-01
1.723184207048120142e-01
1.723184207048120142e-01
1.723184207048120142e-01
1.723184207048120142e-01
0.000000000000000000e+00
0.000000000000000000e+00
0.000000000000000000e+00
0.000000000000000000e+00
0.000000000000000000e+00
0.000000000000000000e+00
0.000000000000000000e+00
0.000000000000000000e+00
0.000000000000000000e+00
0.000000000000000000e+00
0.000000000000000000e+00
0.000000000000000000e+00
0.000000000000000000e+00
0.000000000000000000e+00
0.000000000000000000e+00
0.000000000000000000e+00
0.000000000000000000e+00
0.000000000000000000e+00
0.000000000000000000e+00
0.000000000000000000e+00
0.000000000000000000e+00
0.000000000000000000e+00
0.000000000000000000e+00
0.000000000000000000e+00
0.000000000000000000e+00
0.000000000000000000e+00
0.000000000000000000e+00
0.000000000000000000e+00
0.000000000000000000e+00
0.000000000000000000e+00
0.000000000000000000e+00
0.000000000000000000e+00
0.000000000000000000e+00
0.000000000000000000e+00
0.000000000000000000e+00
0.000000000000000000e+00
0.000000000000000000e+00
0.000000000000000000e+00
0.000000000000000000e+00
0.000000000000000000e+00
0.000000000000000000e+00
0.000000000000000000e+00
0.000000000000000000e+00
0.000000000000000000e+00
0.000000000000000000e+00
0.000000000000000000e+00
0.000000000000000000e+00
0.000000000000000000e+00
0.000000000000000000e+00
0.000000000000000000e+00
0.000000000000000000e+00
0.000000000000000000e+00
0.000000000000000000e+00
0.000000000000000000e+00
0.000000000000000000e+00
0.000000000000000000e+00
0.000000000000000000e+00
0.000000000000000000e+00
0.000000000000000000e+00
0.000000000000000000e+00
0.000000000000000000e+00
0.000000000000000000e+00
0.000000000000000000e+00
0.000000000000000000e+00
0.000000000000000000e+00
0.000000000000000000e+00
0.000000000000000000e+00
0.000000000000000000e+00
0.000000000000000000e+00
0.000000000000000000e+00
0.000000000000000000e+00
0.000000000000000000e+00
0.000000000000000000e+00
0.000000000000000000e+00
0.000000000000000000e+00
0.000000000000000000e+00
0.000000000000000000e+00
0.000000000000000000e+00
0.000000000000000000e+00
0.000000000000000000e+00
0.000000000000000000e+00
0.000000000000000000e+00
0.000000000000000000e+00
0.000000000000000000e+00
0.000000000000000000e+00
0.000000000000000000e+00
0.000000000000000000e+00
0.000000000000000000e+00
0.000000000000000000e+00
0.000000000000000000e+00
0.000000000000000000e+00
0.000000000000000000e+00
0.000000000000000000e+00
0.000000000000000000e+00
0.000000000000000000e+00
0.000000000000000000e+00
0.000000000000000000e+00
0.000000000000000000e+00
0.000000000000000000e+00
0.000000000000000000e+00
0.000000000000000000e+00
0.000000000000000000e+00
0.000000000000000000e+00
0.000000000000000000e+00
0.000000000000000000e+00
0.000000000000000000e+00
0.000000000000000000e+00
0.000000000000000000e+00
0.000000000000000000e+00
0.000000000000000000e+00
0.000000000000000000e+00
0.000000000000000000e+00
0.000000000000000000e+00
0.000000000000000000e+00
0.000000000000000000e+00
0.000000000000000000e+00
0.000000000000000000e+00
0.000000000000000000e+00
0.000000000000000000e+00
0.000000000000000000e+00
0.000000000000000000e+00
0.000000000000000000e+00
0.000000000000000000e+00
0.000000000000000000e+00
0.000000000000000000e+00
0.000000000000000000e+00
0.000000000000000000e+00
0.000000000000000000e+00
0.000000000000000000e+00
0.000000000000000000e+00
0.000000000000000000e+00
0.000000000000000000e+00
0.000000000000000000e+00
0.000000000000000000e+00
0.000000000000000000e+00
0.000000000000000000e+00
0.000000000000000000e+00
0.000000000000000000e+00
0.000000000000000000e+00
0.000000000000000000e+00
0.000000000000000000e+00
0.000000000000000000e+00
0.000000000000000000e+00
0.000000000000000000e+00
0.000000000000000000e+00
2.551642983502227513e-01
1.846779989983280967e-01
0.000000000000000000e+00
1.003258187102968046e-01
2.175691633480107690e-01
5.518638188052620713e-02
0.000000000000000000e+00
0.000000000000000000e+00
0.000000000000000000e+00
0.000000000000000000e+00
0.000000000000000000e+00
0.000000000000000000e+00
0.000000000000000000e+00
0.000000000000000000e+00
0.000000000000000000e+00
0.000000000000000000e+00
0.000000000000000000e+00
0.000000000000000000e+00
0.000000000000000000e+00
0.000000000000000000e+00
0.000000000000000000e+00
0.000000000000000000e+00
0.000000000000000000e+00
0.000000000000000000e+00
5.097894839247976012e-02
8.346199408534170361e-03
5.503755614012425385e-02
0.000000000000000000e+00
0.000000000000000000e+00
2.997581538121447675e-01
5.223287787167826268e-01
1.764719922867513668e-01
0.000000000000000000e+00
0.000000000000000000e+00
0.000000000000000000e+00
0.000000000000000000e+00
0.000000000000000000e+00
0.000000000000000000e+00
0.000000000000000000e+00
0.000000000000000000e+00
0.000000000000000000e+00
0.000000000000000000e+00
0.000000000000000000e+00
0.000000000000000000e+00
0.000000000000000000e+00
0.000000000000000000e+00
0.000000000000000000e+00
0.000000000000000000e+00
2.515625762287709288e-01
4.490335583252468843e-01
4.183416879512864561e-01
0.000000000000000000e+00
0.000000000000000000e+00
0.000000000000000000e+00
0.000000000000000000e+00
2.470718550220538379e-01
4.897798846258253902e-01
5.213614289316983313e-02
0.000000000000000000e+00
0.000000000000000000e+00
0.000000000000000000e+00
0.000000000000000000e+00
0.000000000000000000e+00
0.000000000000000000e+00
0.000000000000000000e+00
0.000000000000000000e+00
0.000000000000000000e+00
0.000000000000000000e+00
0.000000000000000000e+00
0.000000000000000000e+00
0.000000000000000000e+00
0.000000000000000000e+00
0.000000000000000000e+00
3.952322191246391281e-01
5.925776015670917163e-01
3.282935407469679823e-01
0.000000000000000000e+00
0.000000000000000000e+00
0.000000000000000000e+00
0.000000000000000000e+00
0.000000000000000000e+00
4.544085759058518748e-01
4.282819757148664114e-02
0.000000000000000000e+00
0.000000000000000000e+00
0.000000000000000000e+00
0.000000000000000000e+00
0.000000000000000000e+00
0.000000000000000000e+00
0.000000000000000000e+00
0.000000000000000000e+00
0.000000000000000000e+00
0.000000000000000000e+00
0.000000000000000000e+00
0.000000000000000000e+00
0.000000000000000000e+00
0.000000000000000000e+00
0.000000000000000000e+00
5.501935650638418718e-01
5.731482705490426044e-01
2.434785929461739939e-01
0.000000000000000000e+00
0.000000000000000000e+00
0.000000000000000000e+00
0.000000000000000000e+00
9.096282900203941924e-02
3.532800573975719560e-01
3.761172872051947169e-01
0.000000000000000000e+00
0.000000000000000000e+00
0.000000000000000000e+00
0.000000000000000000e+00
0.000000000000000000e+00
0.000000000000000000e+00
0.000000000000000000e+00
0.000000000000000000e+00
0.000000000000000000e+00
0.000000000000000000e+00
0.000000000000000000e+00
0.000000000000000000e+00
0.000000000000000000e+00
0.000000000000000000e+00
0.000000000000000000e+00
4.326425620986374398e-01
6.241312118274092713e-01
1.853895043662011077e-01
0.000000000000000000e+00
0.000000000000000000e+00
0.000000000000000000e+00
0.000000000000000000e+00
0.000000000000000000e+00
2.516304722105389691e-01
5.603867317576048945e-01
0.000000000000000000e+00
0.000000000000000000e+00
0.000000000000000000e+00
0.000000000000000000e+00
0.000000000000000000e+00
0.000000000000000000e+00
0.000000000000000000e+00
0.000000000000000000e+00
0.000000000000000000e+00
0.000000000000000000e+00
0.000000000000000000e+00
0.000000000000000000e+00
0.000000000000000000e+00
0.000000000000000000e+00
0.000000000000000000e+00
3.751564848075928382e-01
5.702606776927445775e-01
1.842110683580704955e-01
0.000000000000000000e+00
0.000000000000000000e+00
0.000000000000000000e+00
0.000000000000000000e+00
0.000000000000000000e+00
2.896358364714075040e-01
5.656204087079685916e-01
4.594457965685631862e-03
0.000000000000000000e+00
0.000000000000000000e+00
0.000000000000000000e+00
0.000000000000000000e+00
0.000000000000000000e+00
0.000000000000000000e+00
0.000000000000000000e+00
0.000000000000000000e+00
0.000000000000000000e+00
0.000000000000000000e+00
0.000000000000000000e+00
0.000000000000000000e+00
0.000000000000000000e+00
0.000000000000000000e+00
0.000000000000000000e+00
5.802592367686824071e-01
3.153070933653054353e-01
0.000000000000000000e+00
0.000000000000000000e+00
0.000000000000000000e+00
0.000000000000000000e+00
4.831158510462750522e-03
2.448104912912929254e-01
5.242752406529836984e-01
3.063949632406455792e-01
0.000000000000000000e+00
0.000000000000000000e+00
0.000000000000000000e+00
0.000000000000000000e+00
0.000000000000000000e+00
0.000000000000000000e+00
0.000000000000000000e+00
0.000000000000000000e+00
0.000000000000000000e+00
0.000000000000000000e+00
0.000000000000000000e+00
0.000000000000000000e+00
0.000000000000000000e+00
0.000000000000000000e+00
0.000000000000000000e+00
0.000000000000000000e+00
4.663947866986558471e-02
0.000000000000000000e+00
0.000000000000000000e+00
0.000000000000000000e+00
1.603512490451427380e-02
2.481842191322849167e-01
7.220767057265563282e-03
0.000000000000000000e+00
5.701068931224990699e-01
0.000000000000000000e+00
0.000000000000000000e+00
0.000000000000000000e+00
0.000000000000000000e+00
0.000000000000000000e+00
0.000000000000000000e+00
0.000000000000000000e+00
0.000000000000000000e+00
0.000000000000000000e+00
0.000000000000000000e+00
0.000000000000000000e+00
0.000000000000000000e+00
0.000000000000000000e+00
0.000000000000000000e+00
3.075359769965299583e-04
0.000000000000000000e+00
0.000000000000000000e+00
0.000000000000000000e+00
0.000000000000000000e+00
3.374888177648314724e-01
4.524087725144828598e-01
2.487307668402816418e-01
0.000000000000000000e+00
0.000000000000000000e+00
7.024157802520344940e-02
4.224418026358549016e-01
0.000000000000000000e+00
0.000000000000000000e+00
0.000000000000000000e+00
0.000000000000000000e+00
0.000000000000000000e+00
0.000000000000000000e+00
0.000000000000000000e+00
0.000000000000000000e+00
0.000000000000000000e+00
0.000000000000000000e+00
0.000000000000000000e+00
0.000000000000000000e+00
0.000000000000000000e+00
0.000000000000000000e+00
1.536407828985204144e-02
2.471060042847503524e-01
0.000000000000000000e+00
0.000000000000000000e+00
0.000000000000000000e+00
2.260156160126468999e-02
2.682982372770436469e-02
0.000000000000000000e+00
0.000000000000000000e+00
0.000000000000000000e+00
3.574416977788204552e-01
1.286151121171572043e-01
0.000000000000000000e+00
0.000000000000000000e+00
0.000000000000000000e+00
0.000000000000000000e+00
0.000000000000000000e+00
0.000000000000000000e+00
0.000000000000000000e+00
0.000000000000000000e+00
0.000000000000000000e+00
0.000000000000000000e+00
0.000000000000000000e+00
0.000000000000000000e+00
0.000000000000000000e+00
0.000000000000000000e+00
0.000000000000000000e+00
7.652797464010330231e-02
2.854649089963873232e-01
3.548265692112125697e-02
0.000000000000000000e+00
0.000000000000000000e+00
0.000000000000000000e+00
0.000000000000000000e+00
0.000000000000000000e+00
0.000000000000000000e+00
4.951876192951306099e-01
9.533832752989557235e-02
0.000000000000000000e+00
0.000000000000000000e+00
0.000000000000000000e+00
0.000000000000000000e+00
0.000000000000000000e+00
0.000000000000000000e+00
0.000000000000000000e+00
0.000000000000000000e+00
0.000000000000000000e+00
0.000000000000000000e+00
0.000000000000000000e+00
0.000000000000000000e+00
0.000000000000000000e+00
0.000000000000000000e+00
0.000000000000000000e+00
0.000000000000000000e+00
0.000000000000000000e+00
0.000000000000000000e+00
0.000000000000000000e+00
0.000000000000000000e+00
0.000000000000000000e+00
0.000000000000000000e+00
0.000000000000000000e+00
0.000000000000000000e+00
5.299449483577929332e-01
0.000000000000000000e+00
0.000000000000000000e+00
0.000000000000000000e+00
0.000000000000000000e+00
0.000000000000000000e+00
0.000000000000000000e+00
0.000000000000000000e+00
0.000000000000000000e+00
0.000000000000000000e+00
0.000000000000000000e+00
0.000000000000000000e+00
0.000000000000000000e+00
0.000000000000000000e+00
0.000000000000000000e+00
0.000000000000000000e+00
0.000000000000000000e+00
0.000000000000000000e+00
0.000000000000000000e+00
0.000000000000000000e+00
0.000000000000000000e+00
0.000000000000000000e+00
0.000000000000000000e+00
0.000000000000000000e+00
0.000000000000000000e+00
0.000000000000000000e+00
3.946544723440501556e-01
8.988321836610674298e-02
0.000000000000000000e+00
0.000000000000000000e+00
0.000000000000000000e+00
0.000000000000000000e+00
0.000000000000000000e+00
0.000000000000000000e+00
0.000000000000000000e+00
0.000000000000000000e+00
0.000000000000000000e+00
0.000000000000000000e+00
0.000000000000000000e+00
0.000000000000000000e+00
0.000000000000000000e+00
0.000000000000000000e+00
0.000000000000000000e+00
0.000000000000000000e+00
0.000000000000000000e+00
0.000000000000000000e+00
0.000000000000000000e+00
0.000000000000000000e+00
0.000000000000000000e+00
0.000000000000000000e+00
0.000000000000000000e+00
0.000000000000000000e+00
3.946544723440501556e-01
8.988321836610674298e-02
0.000000000000000000e+00
0.000000000000000000e+00
0.000000000000000000e+00
0.000000000000000000e+00
0.000000000000000000e+00
0.000000000000000000e+00
0.000000000000000000e+00
0.000000000000000000e+00
0.000000000000000000e+00
0.000000000000000000e+00
0.000000000000000000e+00
0.000000000000000000e+00
0.000000000000000000e+00
0.000000000000000000e+00
0.000000000000000000e+00
0.000000000000000000e+00
0.000000000000000000e+00
0.000000000000000000e+00
0.000000000000000000e+00
0.000000000000000000e+00
0.000000000000000000e+00
0.000000000000000000e+00
0.000000000000000000e+00
0.000000000000000000e+00
3.979716991576601748e-01
9.106349444146355498e-02
0.000000000000000000e+00
0.000000000000000000e+00
0.000000000000000000e+00
0.000000000000000000e+00
0.000000000000000000e+00
0.000000000000000000e+00
0.000000000000000000e+00
0.000000000000000000e+00
0.000000000000000000e+00
0.000000000000000000e+00
0.000000000000000000e+00
0.000000000000000000e+00
0.000000000000000000e+00
0.000000000000000000e+00
0.000000000000000000e+00
0.000000000000000000e+00
0.000000000000000000e+00
0.000000000000000000e+00
0.000000000000000000e+00
0.000000000000000000e+00
0.000000000000000000e+00
8.769985869166699310e-02
0.000000000000000000e+00
0.000000000000000000e+00
2.694079508465562767e-01
1.231470936382252912e-01
3.719301131694615487e-02
0.000000000000000000e+00
0.000000000000000000e+00
0.000000000000000000e+00
0.000000000000000000e+00
0.000000000000000000e+00
0.000000000000000000e+00
0.000000000000000000e+00
0.000000000000000000e+00
0.000000000000000000e+00
0.000000000000000000e+00
0.000000000000000000e+00
0.000000000000000000e+00
0.000000000000000000e+00
0.000000000000000000e+00
0.000000000000000000e+00
0.000000000000000000e+00
0.000000000000000000e+00
0.000000000000000000e+00
0.000000000000000000e+00
0.000000000000000000e+00
6.084492429388502904e-02
0.000000000000000000e+00
0.000000000000000000e+00
0.000000000000000000e+00
2.143938459563470567e-01
2.266592376570811529e-01
3.984279290088795639e-02
0.000000000000000000e+00
0.000000000000000000e+00
0.000000000000000000e+00
0.000000000000000000e+00
0.000000000000000000e+00
0.000000000000000000e+00
0.000000000000000000e+00
0.000000000000000000e+00
0.000000000000000000e+00
0.000000000000000000e+00
0.000000000000000000e+00
0.000000000000000000e+00
0.000000000000000000e+00
0.000000000000000000e+00
0.000000000000000000e+00
0.000000000000000000e+00
0.000000000000000000e+00
0.000000000000000000e+00
0.000000000000000000e+00
0.000000000000000000e+00
1.511990698387706000e-01
0.000000000000000000e+00
0.000000000000000000e+00
2.633999836363989239e-02
4.235080405788431701e-01
1.922125588096564308e-01
3.254234564827498954e-03
0.000000000000000000e+00
0.000000000000000000e+00
0.000000000000000000e+00
0.000000000000000000e+00
0.000000000000000000e+00
0.000000000000000000e+00
0.000000000000000000e+00
0.000000000000000000e+00
0.000000000000000000e+00
0.000000000000000000e+00
0.000000000000000000e+00
0.000000000000000000e+00
0.000000000000000000e+00
0.000000000000000000e+00
0.000000000000000000e+00
0.000000000000000000e+00
0.000000000000000000e+00
0.000000000000000000e+00
0.000000000000000000e+00
1.194204051040850534e-01
0.000000000000000000e+00
0.000000000000000000e+00
0.000000000000000000e+00
3.684256458553780700e-01
2.824568771605804884e-01
3.742567567906956300e-02
0.000000000000000000e+00
0.000000000000000000e+00
0.000000000000000000e+00
0.000000000000000000e+00
0.000000000000000000e+00
0.000000000000000000e+00
0.000000000000000000e+00
0.000000000000000000e+00
0.000000000000000000e+00
0.000000000000000000e+00
0.000000000000000000e+00
0.000000000000000000e+00
0.000000000000000000e+00
0.000000000000000000e+00
0.000000000000000000e+00
0.000000000000000000e+00
0.000000000000000000e+00
0.000000000000000000e+00
0.000000000000000000e+00
1.222746822060839095e-02
2.387583098551871730e-01
0.000000000000000000e+00
0.000000000000000000e+00
0.000000000000000000e+00
0.000000000000000000e+00
0.000000000000000000e+00
0.000000000000000000e+00
0.000000000000000000e+00
0.000000000000000000e+00
0.000000000000000000e+00
0.000000000000000000e+00
0.000000000000000000e+00
0.000000000000000000e+00
