(5, 26, 26)
(5, 24, 24)
(5, 12, 12)
(720,)
(128,)
(64,)
(10,)
0
input
[[[-0.4        -0.4        -0.4        -0.4        -0.4
   -0.4        -0.4        -0.4        -0.4        -0.4
   -0.4        -0.4        -0.4        -0.4        -0.4
   -0.4        -0.4        -0.4        -0.4        -0.4
   -0.4        -0.4        -0.4        -0.4        -0.4
   -0.4        -0.4        -0.4       ]
  [-0.4        -0.4        -0.4        -0.4        -0.4
   -0.4        -0.4        -0.4        -0.4        -0.4
   -0.4        -0.4        -0.4        -0.4        -0.4
   -0.4        -0.4        -0.4        -0.4        -0.4
   -0.4        -0.4        -0.4        -0.4        -0.4
   -0.4        -0.4        -0.4       ]
  [-0.4        -0.4        -0.4        -0.4        -0.4
   -0.4        -0.4        -0.4        -0.4        -0.4
   -0.4        -0.4        -0.4        -0.4        -0.4
   -0.4        -0.4        -0.4        -0.4        -0.4
   -0.4        -0.4        -0.4        -0.4        -0.4
   -0.4        -0.4        -0.4       ]
  [-0.4        -0.4        -0.4        -0.4        -0.4
   -0.4        -0.4        -0.4        -0.4        -0.4
   -0.4        -0.4        -0.4        -0.4        -0.4
   -0.4        -0.4        -0.4        -0.4        -0.4
   -0.4        -0.4        -0.4        -0.4        -0.4
   -0.4        -0.4        -0.4       ]
  [-0.4        -0.4        -0.4        -0.4        -0.4
   -0.4        -0.4        -0.4        -0.4        -0.4
   -0.29333333  0.61333333  2.17333333  1.25333333 -0.06666667
   -0.4        -0.4        -0.4        -0.4        -0.4
   -0.4        -0.4        -0.4        -0.4        -0.4
   -0.4        -0.4        -0.4       ]
  [-0.4        -0.4        -0.4        -0.4        -0.4
   -0.4        -0.4        -0.4        -0.4        -0.34666667
    1.69333333  2.98666667  2.98666667  2.98666667  2.65333333
    1.93333333  0.38666667 -0.4        -0.4        -0.4
   -0.4        -0.4        -0.4        -0.4        -0.4
   -0.4        -0.4        -0.4       ]
  [-0.4        -0.4        -0.4        -0.4        -0.4
   -0.4        -0.4        -0.4        -0.4         1.05333333
    2.98666667  2.98666667  2.92        2.97333333  2.98666667
    2.98666667  2.89333333  0.85333333 -0.38666667 -0.4
   -0.4        -0.4        -0.4        -0.4        -0.4
   -0.4        -0.4        -0.4       ]
  [-0.4        -0.4        -0.4        -0.4        -0.4
   -0.4        -0.4        -0.29333333  1.28        2.85333333
    2.98666667  2.05333333 -0.28        0.48        2.10666667
    2.70666667  2.98666667  2.98666667  0.61333333 -0.4
   -0.4        -0.4        -0.4        -0.4        -0.4
   -0.4        -0.4        -0.4       ]
  [-0.4        -0.4        -0.4        -0.4        -0.4
   -0.4        -0.4         0.65333333  2.98666667  2.98666667
    2.04       -0.2        -0.4        -0.4        -0.4
    0.17333333  2.16        2.98666667  2.53333333  0.88
   -0.4        -0.4        -0.4        -0.4        -0.4
   -0.4        -0.4        -0.4       ]
  [-0.4        -0.4        -0.4        -0.4        -0.4
   -0.4        -0.33333333  2.85333333  2.98666667  1.49333333
   -0.26666667 -0.4        -0.4        -0.4        -0.4
   -0.4        -0.30666667  1.68        2.98666667  2.53333333
   -0.06666667 -0.4        -0.4        -0.4        -0.4
   -0.4        -0.4        -0.4       ]
  [-0.4        -0.4        -0.4        -0.4        -0.4
   -0.4         0.85333333  2.98666667  2.04       -0.26666667
   -0.4        -0.4        -0.4        -0.4        -0.4
   -0.4        -0.4        -0.4         1.96        2.98666667
    2.46666667 -0.36       -0.4        -0.4        -0.4
   -0.4        -0.4        -0.4       ]
  [-0.4        -0.4        -0.4        -0.4        -0.4
    0.38666667  2.89333333  2.98666667  0.46666667 -0.4
   -0.4        -0.4        -0.4        -0.4        -0.4
   -0.4        -0.4        -0.4         0.30666667  3.
    2.98666667  0.16       -0.4        -0.4        -0.4
   -0.4        -0.4        -0.4       ]
  [-0.4        -0.4        -0.4        -0.4        -0.4
    0.62666667  2.98666667  2.36       -0.32       -0.4
   -0.4        -0.4        -0.4        -0.4        -0.4
   -0.4        -0.4        -0.4        -0.36        1.30666667
    2.98666667  1.81333333 -0.4        -0.4        -0.4
   -0.4        -0.4        -0.4       ]
  [-0.4        -0.4        -0.4        -0.4        -0.4
    0.62666667  2.98666667  0.97333333 -0.4        -0.4
   -0.4        -0.4        -0.4        -0.4        -0.4
   -0.4        -0.4        -0.4        -0.4         0.48
    2.98666667  2.56       -0.4        -0.4        -0.4
   -0.4        -0.4        -0.4       ]
  [-0.4        -0.4        -0.4        -0.4        -0.4
    0.62666667  2.98666667  0.97333333 -0.4        -0.4
   -0.4        -0.4        -0.4        -0.4        -0.4
   -0.4        -0.4        -0.4        -0.4        -0.21333333
    2.54666667  2.90666667  0.4        -0.4        -0.4
   -0.4        -0.4        -0.4       ]
  [-0.4        -0.4        -0.4        -0.4        -0.4
    0.62666667  2.96        0.26666667 -0.4        -0.4
   -0.4        -0.4        -0.4        -0.4        -0.4
   -0.4        -0.4        -0.4        -0.4        -0.4
    2.42666667  2.98666667  0.61333333 -0.4        -0.4
   -0.4        -0.4        -0.4       ]
  [-0.4        -0.4        -0.4        -0.4        -0.4
    0.62666667  2.92       -0.4        -0.4        -0.4
   -0.4        -0.4        -0.4        -0.4        -0.4
   -0.4        -0.4        -0.4        -0.4        -0.4
    2.42666667  2.98666667  0.61333333 -0.4        -0.4
   -0.4        -0.4        -0.4       ]
  [-0.4        -0.4        -0.4        -0.4        -0.4
    0.62666667  2.97333333  0.72       -0.4        -0.4
   -0.4        -0.4        -0.4        -0.4        -0.4
   -0.4        -0.4        -0.4        -0.4         0.32
    2.89333333  2.64       -0.2        -0.4        -0.4
   -0.4        -0.4        -0.4       ]
  [-0.4        -0.4        -0.4        -0.4        -0.4
    0.52        2.94666667  2.41333333 -0.30666667 -0.4
   -0.4        -0.4        -0.4        -0.4        -0.4
   -0.4        -0.4        -0.4        -0.4         1.25333333
    2.98666667  1.78666667 -0.4        -0.4        -0.4
   -0.4        -0.4        -0.4       ]
  [-0.4        -0.4        -0.4        -0.4        -0.4
   -0.4         1.21333333  2.98666667  1.12       -0.30666667
   -0.4        -0.4        -0.4        -0.4        -0.4
   -0.4        -0.4        -0.4         0.85333333  2.65333333
    2.98666667  0.12       -0.4        -0.4        -0.4
   -0.4        -0.4        -0.4       ]
  [-0.4        -0.4        -0.4        -0.4        -0.4
   -0.4        -0.34666667  2.44        2.98666667  1.8
    0.13333333 -0.4        -0.4        -0.4        -0.4
   -0.4        -0.4         1.28        2.73333333  2.98666667
    2.98666667 -0.33333333 -0.4        -0.4        -0.4
   -0.4        -0.4        -0.4       ]
  [-0.4        -0.4        -0.4        -0.4        -0.4
   -0.4        -0.4        -0.10666667  2.33333333  2.98666667
    2.96        1.81333333  0.78666667  0.04        0.57333333
    1.6         2.93333333  2.98666667  2.98666667  2.69333333
    0.77333333 -0.38666667 -0.4        -0.4        -0.4
   -0.4        -0.4        -0.4       ]
  [-0.4        -0.4        -0.4        -0.4        -0.4
   -0.4        -0.4        -0.4        -0.06666667  2.34666667
    2.98666667  2.98666667  2.98666667  2.98666667  2.98666667
    2.98666667  2.98666667  2.98666667  2.49333333  0.38666667
   -0.4        -0.4        -0.4        -0.4        -0.4
   -0.4        -0.4        -0.4       ]
  [-0.4        -0.4        -0.4        -0.4        -0.4
   -0.4        -0.4        -0.4        -0.4        -0.16
    0.38666667  2.04        2.98666667  2.98666667  2.98666667
    2.86666667  1.54666667  0.37333333 -0.16       -0.4
   -0.4        -0.4        -0.4        -0.4        -0.4
   -0.4        -0.4        -0.4       ]
  [-0.4        -0.4        -0.4        -0.4        -0.4
   -0.4        -0.4        -0.4        -0.4        -0.4
   -0.4        -0.4        -0.4        -0.4        -0.4
   -0.4        -0.4        -0.4        -0.4        -0.4
   -0.4        -0.4        -0.4        -0.4        -0.4
   -0.4        -0.4        -0.4       ]
  [-0.4        -0.4        -0.4        -0.4        -0.4
   -0.4        -0.4        -0.4        -0.4        -0.4
   -0.4        -0.4        -0.4        -0.4        -0.4
   -0.4        -0.4        -0.4        -0.4        -0.4
   -0.4        -0.4        -0.4        -0.4        -0.4
   -0.4        -0.4        -0.4       ]
  [-0.4        -0.4        -0.4        -0.4        -0.4
   -0.4        -0.4        -0.4        -0.4        -0.4
   -0.4        -0.4        -0.4        -0.4        -0.4
   -0.4        -0.4        -0.4        -0.4        -0.4
   -0.4        -0.4        -0.4        -0.4        -0.4
   -0.4        -0.4        -0.4       ]
  [-0.4        -0.4        -0.4        -0.4        -0.4
   -0.4        -0.4        -0.4        -0.4        -0.4
   -0.4        -0.4        -0.4        -0.4        -0.4
   -0.4        -0.4        -0.4        -0.4        -0.4
   -0.4        -0.4        -0.4        -0.4        -0.4
   -0.4        -0.4        -0.4       ]]]
[[0. 0.]
 [0. 0.]
 [0. 0.]]
--- (5, 26, 26) ------
[[[0.22596682 0.22596682 0.22596682 ... 0.22596682 0.22596682 0.22596682]
  [0.22596682 0.22596682 0.22596682 ... 0.22596682 0.22596682 0.22596682]
  [0.22596682 0.22596682 0.22596682 ... 0.22596682 0.22596682 0.22596682]
  ...
  [0.22596682 0.22596682 0.22596682 ... 0.22596682 0.22596682 0.22596682]
  [0.22596682 0.22596682 0.22596682 ... 0.22596682 0.22596682 0.22596682]
  [0.22596682 0.22596682 0.22596682 ... 0.22596682 0.22596682 0.22596682]]

 [[0.12168269 0.12168269 0.12168269 ... 0.12168269 0.12168269 0.12168269]
  [0.12168269 0.12168269 0.12168269 ... 0.12168269 0.12168269 0.12168269]
  [0.12168269 0.12168269 0.12168269 ... 0.12168269 0.12168269 0.12168269]
  ...
  [0.12168269 0.12168269 0.12168269 ... 0.12168269 0.12168269 0.12168269]
  [0.12168269 0.12168269 0.12168269 ... 0.12168269 0.12168269 0.12168269]
  [0.12168269 0.12168269 0.12168269 ... 0.12168269 0.12168269 0.12168269]]

 [[0.02995457 0.02995457 0.02995457 ... 0.02995457 0.02995457 0.02995457]
  [0.02995457 0.02995457 0.02995457 ... 0.02995457 0.02995457 0.02995457]
  [0.02995457 0.02995457 0.02995457 ... 0.02995457 0.02995457 0.02995457]
  ...
  [0.02995457 0.02995457 0.02995457 ... 0.02995457 0.02995457 0.02995457]
  [0.02995457 0.02995457 0.02995457 ... 0.02995457 0.02995457 0.02995457]
  [0.02995457 0.02995457 0.02995457 ... 0.02995457 0.02995457 0.02995457]]

 [[0.         0.         0.         ... 0.         0.         0.        ]
  [0.         0.         0.         ... 0.         0.         0.        ]
  [0.         0.         0.         ... 0.         0.         0.        ]
  ...
  [0.         0.         0.         ... 0.         0.         0.        ]
  [0.         0.         0.         ... 0.         0.         0.        ]
  [0.         0.         0.         ... 0.         0.         0.        ]]

 [[0.         0.         0.         ... 0.         0.         0.        ]
  [0.         0.         0.         ... 0.         0.         0.        ]
  [0.         0.         0.         ... 0.         0.         0.        ]
  ...
  [0.         0.         0.         ... 0.         0.         0.        ]
  [0.         0.         0.         ... 0.         0.         0.        ]
  [0.         0.         0.         ... 0.         0.         0.        ]]]
